#
# Energy per particle of two-dimensional electron gas
#
# * 10 electrons, r_s=1.0 and mu = 0.0
# * Normal spin fluid (not polarized)
#
# Energies in units of rydberg (e^2/(2*a_{0}))
#
# ene_ref = Reference energy per particle 
# ene_corr = IM-SRG(2) correlation energy per particle
# ene_tot = ene_ref + ene_corr
#
#R  nOrbits	 ene_ref	  ene_corr       ene_tot	
4   26		 0.44663422	-0.13793252     0.3087017
6   50		 0.44663422	-0.19485038     0.25178384
8   74		 0.44663422	-0.21667251     0.22996172
10  98		0.44663422	-0.2249711	0.22166313
12  122		0.44663422	-0.22985663     0.2167776
14  162		0.44663422	-0.23418268     0.21245155
16  194		0.44663422	-0.23647438     0.21015984
18  218		0.44663422	-0.23753143     0.2091028
20  242		0.44663422	-0.23835451     0.20827971
22  274		0.44663422	-0.23928086     0.20735336
24  298		0.44663422	-0.2397878	0.20684643
26  338		0.44663422	-0.24048625     0.20614797
28  370		0.44663422	-0.24097085     0.20566337
30  394		0.44663422	-0.24122248     0.20541174
32  442		0.44663422	-0.24171312     0.20492111
34  466		0.44663422	-0.24190539     0.20472883
36  498		0.44663422	-0.24214406     0.20449016
38  522		0.44663422	-0.24228594     0.20434828
40  570		0.44663422	-0.24255837     0.20407585
42  602		0.44663422	-0.24271639     0.20391784
44  634		0.44663422	-0.24284152     0.2037927
46  666		0.44663422	-0.24296826     0.20366597
48  698		0.44663422	-0.2430853	0.20354892
50  730		0.44663422	-0.24318396     0.20345027
52  754		0.44663422	-0.24325056     0.20338366
54  802		0.44663422	-0.24337873     0.20325549
56  842		0.44663422	-0.24347436     0.20315987
58  874		0.44663422	-0.24354517     0.20308905


