       3       9      11      17    -0.04191
       3       9      13      15    -0.04191
       5       7      11      17    -0.04191
       5       7      13      15     0.04118
       5       6      11      16    -0.06777
       5       6      12      15     0.06696
       3       4      12      13     0.06696
       3       4      11      14    -0.06777
       3      10      14      15     0.01623
       3      10      13      16    -0.05814
       3      10      12      17     0.01623
       3      10      11      18    -0.05814
       5       8      14      15     0.05719
       5       8      13      16    -0.01601
       5       8      12      17     0.01623
       5       8      11      18    -0.05814
       1       2      14      15     0.01522
       1       2      13      16    -0.01522
       1       2      12      17     0.01522
       1       2      11      18    -0.01522
       6       7      14      15    -0.01601
       6       7      13      16     0.05719
       6       7      12      17    -0.05814
       6       7      11      18     0.01623
       4       9      14      15    -0.05814
       4       9      13      16     0.01623
       4       9      12      17    -0.05814
       4       9      11      18     0.01623
       9      10      16      17     0.06696
       9      10      15      18    -0.06777
       7       8      14      17     0.06696
       7       8      13      18    -0.06777
       6       8      12      18    -0.04191
       6       8      14      16     0.04118
       4      10      12      18    -0.04191
       4      10      14      16    -0.04191
