  7.192871493000297E-005   25.3885265963573     
  3.789687190636215E-004   25.3884112646292     
  9.312781268477899E-004   25.3878084179312     
  1.728844051089307E-003   25.3860410628157     
  2.771485716620226E-003   25.3821326761709     
  4.058950738988765E-003   25.3748090241755     
  5.590924234298522E-003   25.3625010423698     
  7.367030582810297E-003   25.3433491765926     
  9.386833969326380E-003   25.3152096671513     
  1.164983863923874E-002   25.2756633357800     
  1.415548907821351E-002   25.2220275021571     
  1.690317017390430E-002   25.1513717102615     
  1.989220737907593E-002   25.0605379803377     
  2.312186688343376E-002   24.9461663147414     
  2.659135579716942E-002   24.8047261699181     
  3.029982234756246E-002   24.6325545562981     
  3.424635608925519E-002   24.4259013369401     
  3.842998812848930E-002   24.1809821585590     
  4.284969136143379E-002   23.8940392601199     
  4.750438072664498E-002   23.5614101608250     
  5.239291347165764E-002   23.1796039294738     
  5.751408943367686E-002   22.7453843820318     
  6.286665133432146E-002   22.2558591486286     
  6.844928508836301E-002   21.7085731042277     
  7.426062012639179E-002   21.1016041829859     
  8.029922973133652E-002   20.4336591142827     
  8.656363138875900E-002   19.7041661534642     
  9.305228715084124E-002   18.9133614624945     
  9.976360401397655E-002   18.0623654591317     
  0.106695934309873        17.1532452348082     
  0.113847576110077        16.1890590784840     
  0.121216773643812        15.1738792714130     
  0.128801717729036        14.1127896654668     
  0.136600546216617        13.0118551454640     
  0.144611344447496        11.8780609108664     
  0.152832145722761        10.7192205846952     
  0.161260931786475        9.54385343884030     
  0.169895633321181        8.36103246570086     
  0.178734130455928        7.18020655644593     
  0.187774253286717        6.01100157811307     
  0.197013782409222        4.86300657352841     
  0.206450449463672        3.74555253089847     
  0.216081937691748        2.66749207669715     
  0.225905882505358        1.63698894037479     
  0.235919872067161       0.661326048331245     
  0.246121447882687      -0.253259415402243     
  0.256508105403913       -1.10170669736874     
  0.267077294644145       -1.88022217427579     
  0.277826420804056       -2.58632628427326     
  0.288752844908722       -3.21885515630999     
  0.299853884455510       -3.77791778479544     
  0.311126814072646       -4.26481194068185     
  0.322568866188313       -4.68190414281985     
  0.334177231710105       -5.03248077510080     
  0.345949060714674       -5.32057869586847     
  0.357881463147409       -5.55080436028430     
  0.369971509531955       -5.72815052993437     
  0.382216231689424       -5.85781909836997     
  0.394612623467095       -5.94505748990904     
  0.407157641476446       -5.99501460837349     
  0.419848205840322       -6.01262056843782     
  0.432681200949066       -6.00249259393666     
  0.445653476225419       -5.96886766991377     
  0.458761846898003       -5.91556092409520     
  0.472003094783204       -5.84594739310483     
  0.485373969075256       -5.76296386458111     
  0.498871187144333       -5.66912690290904     
  0.512491435342451       -5.56656294989958     
  0.526231369816995       -5.45704649743861     
  0.540087617331647       -5.34204269004562     
  0.554056776094542       -5.22275125326974     
  0.568135416593427       -5.10014927954220     
  0.582320082437625       -4.97503106436530     
  0.596607291206600       -4.84804381363374     
  0.610993535304913       -4.71971859501395     
  0.625475282823359       -4.59049635731815     
  0.640048978406069       -4.46074918200552     
  0.654711044123373       -4.33079716333078     
  0.669457880350203       -4.20092145029702     
  0.684285866649823       -4.07137404183042     
  0.699191362662665       -3.94238492585741     
  0.714170709000065       -3.81416711202235     
  0.729220228142658       -3.68692004308933     
  0.744336225343236       -3.56083179480923     
  0.759514989533829       -3.43608039784484     
  0.774752794236795       -3.31283454456955     
  0.790045898479690       -3.19125388173815     
  0.805390547713704       -3.07148903859169     
  0.820782974735420       -2.95368149884377     
  0.836219400611689       -2.83796339324469     
  0.851696035607378       -2.72445726562414     
  0.867209080115777       -2.61327584793941     
  0.882754725591417       -2.50452186745187     
  0.898329155485102       -2.39828790045881     
  0.913928546180884       -2.29465628099272     
  0.929549067934791       -2.19369906877183     
  0.945186885815048       -2.09547807785407     
  0.960838160643578       -2.00004496549180     
  0.976499049938542       -1.90744137931621     
  0.992165708857694       -1.81769916000567     
   1.00783429114231       -1.73084059588508     
   1.02350095006146       -1.64687872538468     
   1.03916183935642       -1.56581768290776     
   1.05481311418495       -1.48765308338724     
   1.07045093206521       -1.41237244063253     
   1.08607145381912       -1.33995561446897     
   1.10167084451490       -1.27037528164412     
   1.11724527440858       -1.20359742551134     
   1.13279091988422       -1.13958183959626     
   1.14830396439262       -1.07828264030013     
   1.16378059938831       -1.01964878418943     
   1.17921702526458      -0.963624585558027     
   1.19460945228630      -0.910150230220723     
   1.20995410152031      -0.859162281798364     
   1.22524720576321      -0.810594177079015     
   1.24048501046617      -0.764376707381074     
   1.25566377465676      -0.720438483196250     
   1.27077977185734      -0.678706379747785     
   1.28582929099994      -0.639105961456715     
   1.30080863733733      -0.601561883661541     
   1.31571413335018      -0.565998270280039     
   1.33054211964980      -0.532339066432153     
   1.34528895587663      -0.500508365356809     
   1.35995102159393      -0.470430709250142     
   1.37452471717664      -0.442031363925859     
   1.38900646469509      -0.415236567448683     
   1.40339270879340      -0.389973753117699     
   1.41767991756237      -0.366171747377415     
   1.43186458340657      -0.343760943410101     
   1.44594322390546      -0.322673451313787     
   1.45991238266835      -0.302843225896546     
   1.47376863018301      -0.284206173220339     
   1.48750856465755      -0.266700237107866     
   1.50112881285567      -0.250265466884722     
   1.51462603092474      -0.234844067668445     
   1.52799690521680      -0.220380434537136     
   1.54123815310200      -0.206821171915157     
   1.55434652377458      -0.194115099503534     
   1.56731879905093      -0.182213246060023     
   1.58015179415968      -0.171068832300006     
   1.59284235852355      -0.160637244146130     
   1.60538737653290      -0.150875997503656     
   1.61778376831058      -0.141744695681171     
   1.63002849046804      -0.133204980514331     
   1.64211853685259      -0.125220478184687     
   1.65405093928533      -0.117756740657907     
   1.66582276828989      -0.110781183596664     
   1.67743113381169      -0.104263021534264     
   1.68887318592735      -9.817320102648100E-002
   1.70014611554449      -9.248433243183211E-002
   1.71124715509128      -8.717062090517845E-002
   1.72217357919594      -8.220779712673300E-002
   1.73292270535585      -7.757304822851911E-002
   1.74349189459609      -7.324494932349593E-002
   1.75387855211731      -6.920339598910993E-002
   1.76408012793284      -6.542953800710420E-002
   1.77409411749464      -6.190571461511001E-002
   1.78391806230825      -5.861539148287939E-002
   1.79354955053633      -5.554309958695786E-002
   1.80298621759078      -5.267437612208931E-002
   1.81222574671328      -4.999570755557638E-002
   1.82126586954407      -4.749447490206149E-002
   1.83010436667882      -4.515890127059055E-002
   1.83873906821353      -4.297800171320946E-002
   1.84716785427724      -4.094153538452875E-002
   1.85538865555250      -3.903996000449859E-002
   1.86339945378338      -3.726438860186450E-002
   1.87119828227096      -3.560654850323021E-002
   1.87878322635619      -3.405874252215327E-002
   1.88615242388992      -3.261381229405288E-002
   1.89330406569013      -3.126510369573610E-002
   1.90023639598602      -3.000643428288406E-002
   1.90694771284916      -2.883206267471530E-002
   1.91343636861124      -2.773665981210873E-002
   1.91970077026866      -2.671528201358705E-002
   1.92573937987361      -2.576334575258923E-002
   1.93155071491164      -2.487660407929050E-002
   1.93713334866568      -2.405112461073894E-002
   1.94248591056632      -2.328326901417336E-002
   1.94760708652834      -2.256967390997656E-002
   1.95249561927336      -2.190723312271772E-002
   1.95715030863857      -2.129308121107800E-002
   1.96157001187151      -2.072457821006671E-002
   1.96575364391074      -2.019929552176888E-002
   1.96970017765244      -1.971500289386591E-002
   1.97340864420283      -1.926965642829957E-002
   1.97687813311657      -1.886138756566687E-002
   1.98010779262092      -1.848849299420956E-002
   1.98309682982610      -1.814942543556838E-002
   1.98584451092179      -1.784278526278415E-002
   1.98835016136076      -1.756731290931993E-002
   1.99061316603067      -1.732188203111399E-002
   1.99263296941719      -1.710549338678442E-002
   1.99440907576570      -1.691726940392015E-002
   1.99594104926101      -1.675644940136921E-002
   1.99722851428338      -1.662238543662629E-002
   1.99827115594891      -1.651453873528202E-002
   1.99906872187315      -1.643247658797214E-002
   1.99962103128094      -1.637586907405988E-002
   1.99992807128507      -1.634447744977960E-002
