 -5.966063285313970E-003
 -5.966063285313970E-003
 -5.966063285313970E-003
 -5.966063285313970E-003
 -5.966063285313970E-003
 -5.966063285313970E-003
 -5.966063285313970E-003
 -5.966063285313970E-003
 -5.966063285313970E-003
 -5.966063285313970E-003
 -5.966063285313970E-003
 -5.966063285313970E-003
 -5.966063285313970E-003
 -5.966063285313970E-003
 -5.966063285313970E-003
 -5.966063285313970E-003
 -5.966063285313970E-003
 -5.966063285313970E-003
 -5.966063285313970E-003
 -5.966063285313970E-003
 -2.322516527385925E-002
 -2.322516527385925E-002
 -2.322516527385925E-002
 -2.322516527385925E-002
 -2.322516527385925E-002
 -2.322516527385925E-002
 -2.322516527385925E-002
 -2.322516527385925E-002
 -2.322516527385925E-002
 -2.322516527385925E-002
 -2.322516527385925E-002
 -2.322516527385925E-002
 -2.322516527385925E-002
 -2.322516527385925E-002
 -2.322516527385925E-002
 -2.322516527385925E-002
 -2.104727472248396E-002
 -2.104727472248396E-002
 -2.104727472248396E-002
 -2.104727472248396E-002
 -2.104727472248396E-002
 -2.104727472248396E-002
 -2.104727472248396E-002
 -2.104727472248396E-002
 -2.104727472248396E-002
 -2.104727472248396E-002
 -2.104727472248396E-002
 -2.104727472248396E-002
 -2.104727472248396E-002
 -2.104727472248396E-002
 -2.104727472248396E-002
 -2.104727472248396E-002
 -2.104727472248396E-002
 -2.104727472248396E-002
 -2.104727472248396E-002
 -2.104727472248396E-002
 -2.104727472248396E-002
 -2.104727472248396E-002
 -2.104727472248396E-002
 -2.104727472248396E-002
 -2.104727472248396E-002
 -2.104727472248396E-002
 -2.104727472248396E-002
 -2.104727472248396E-002
 -2.104727472248396E-002
 -2.104727472248396E-002
 -2.104727472248396E-002
 -2.104727472248396E-002
 -2.104727472248396E-002
 -2.104727472248396E-002
 -2.104727472248396E-002
 -2.104727472248396E-002
 -2.104727472248396E-002
 -2.104727472248396E-002
 -2.104727472248396E-002
 -2.104727472248396E-002
 -2.104727472248396E-002
 -2.104727472248396E-002
 -2.104727472248396E-002
 -2.104727472248396E-002
 -2.104727472248396E-002
 -2.104727472248396E-002
 -2.104727472248396E-002
 -2.104727472248396E-002
 -2.104727472248396E-002
 -2.104727472248396E-002
 -2.104727472248396E-002
 -2.104727472248396E-002
 -2.104727472248396E-002
 -2.104727472248396E-002
 -2.104727472248396E-002
 -2.104727472248396E-002
 -2.104727472248396E-002
 -2.104727472248396E-002
 -2.104727472248396E-002
 -2.104727472248396E-002
 -2.104727472248396E-002
 -2.104727472248396E-002
 -2.104727472248396E-002
 -2.104727472248396E-002
 -2.104727472248396E-002
 -2.104727472248396E-002
 -2.104727472248396E-002
 -2.104727472248396E-002
 -2.104727472248396E-002
 -2.104727472248396E-002
 -2.104727472248396E-002
 -2.104727472248396E-002
 -2.104727472248396E-002
 -2.104727472248396E-002
 -2.104727472248396E-002
 -2.104727472248396E-002
 -2.104727472248396E-002
 -2.104727472248396E-002
 -2.104727472248396E-002
 -2.104727472248396E-002
 -2.322516527385925E-002
 -2.322516527385925E-002
 -2.322516527385925E-002
 -2.322516527385925E-002
 -2.322516527385925E-002
 -2.322516527385925E-002
 -2.322516527385925E-002
 -2.322516527385925E-002
 -2.322516527385925E-002
 -2.322516527385925E-002
 -2.322516527385925E-002
 -2.322516527385925E-002
 -2.322516527385925E-002
 -2.322516527385925E-002
 -2.322516527385925E-002
 -2.322516527385925E-002
 -5.966063285313970E-003
 -5.966063285313970E-003
 -5.966063285313970E-003
 -5.966063285313970E-003
 -5.966063285313970E-003
 -5.966063285313970E-003
 -5.966063285313970E-003
 -5.966063285313970E-003
 -5.966063285313970E-003
 -5.966063285313970E-003
 -5.966063285313970E-003
 -5.966063285313970E-003
 -5.966063285313970E-003
 -5.966063285313970E-003
 -5.966063285313970E-003
 -5.966063285313970E-003
 -5.966063285313970E-003
 -5.966063285313970E-003
 -5.966063285313970E-003
 -5.966063285313970E-003
