  
  Setting up single-particle basis...
  Number of orbitals:          18
  
  Sinlge-particle states:
  
     state   nx    ny    ms
      1      0      0     -1
      2      0      0      1
 shell=           1 , orbits=           2
      3     -1      0     -1
      4     -1      0      1
      5      0     -1     -1
      6      0     -1      1
      7      0      1     -1
      8      0      1      1
      9      1      0     -1
     10      1      0      1
 shell=           2 , orbits=          10
     11     -1     -1     -1
     12     -1     -1      1
     13     -1      1     -1
     14     -1      1      1
     15      1     -1     -1
     16      1     -1      1
     17      1      1     -1
     18      1      1      1
 shell=           3 , orbits=          18
  
  
  
  
  Counting number of blocks...
  
  Number of hh pairs:         100
  Number of pp pairs:          64
  Number of ph pairs:          80
  Numbers of blocks:           75
  Number of pphh blocks:           15
  
  Setting up (K_CM, M_S) blocks...
  
  Particle-particle pairs:
          11          11           1
 np1=          11 ,np2=          11
 thisBlock=           1
  Hole-hole pairs:
           5           5           3
  Particle-particle pairs:
          15          11           3
          11          15           3
 np1=          15 ,np2=          15
 thisBlock=           3
  Particle-particle pairs:
          15          15           5
 np1=          15 ,np2=          15
 thisBlock=           5
  Hole-hole pairs:
           5           3           7
           3           5           7
  Hole-hole pairs:
           1           5           8
           5           1           8
  Hole-hole pairs:
           9           5           9
           5           9           9
  Hole-hole pairs:
           3           3          11
  Particle-particle pairs:
          11          13          11
          13          11          11
 np1=          13 ,np2=          13
 thisBlock=          11
  Hole-hole pairs:
           1           3          12
           3           1          12
  Hole-hole pairs:
           3           9          13
           7           5          13
           1           1          13
           9           3          13
           5           7          13
  Particle-particle pairs:
          11          17          13
          15          13          13
          17          11          13
          13          15          13
 np1=          17 ,np2=          17
 thisBlock=          13
  Hole-hole pairs:
           9           1          14
           1           9          14
  Hole-hole pairs:
           9           9          15
  Particle-particle pairs:
          15          17          15
          17          15          15
 np1=          17 ,np2=          17
 thisBlock=          15
  Hole-hole pairs:
           3           7          17
           7           3          17
  Hole-hole pairs:
           7           1          18
           1           7          18
  Hole-hole pairs:
           7           9          19
           9           7          19
  Particle-particle pairs:
          13          13          21
 np1=          13 ,np2=          13
 thisBlock=          21
  Hole-hole pairs:
           7           7          23
  Particle-particle pairs:
          13          17          23
          17          13          23
 np1=          17 ,np2=          17
 thisBlock=          23
  Particle-particle pairs:
          17          17          25
 np1=          17 ,np2=          17
 thisBlock=          25
  Particle-particle pairs:
          11          12          51
          12          11          51
 np1=          12 ,np2=          12
 thisBlock=          26
  Hole-hole pairs:
           5           6          53
           6           5          53
  Particle-particle pairs:
          16          11          53
          11          16          53
          15          12          53
          12          15          53
 np1=          16 ,np2=          16
 thisBlock=          28
  Particle-particle pairs:
          16          15          55
          15          16          55
 np1=          16 ,np2=          16
 thisBlock=          30
  Hole-hole pairs:
           6           3          57
           4           5          57
           5           4          57
           3           6          57
  Hole-hole pairs:
           1           6          58
           6           1          58
           2           5          58
           5           2          58
  Hole-hole pairs:
          10           5          59
           9           6          59
           6           9          59
           5          10          59
  Hole-hole pairs:
           3           4          61
           4           3          61
  Particle-particle pairs:
          14          11          61
          13          12          61
          12          13          61
          11          14          61
 np1=          14 ,np2=          14
 thisBlock=          36
  Hole-hole pairs:
           1           4          62
           4           1          62
           3           2          62
           2           3          62
  Hole-hole pairs:
          10           3          63
           3          10          63
           5           8          63
           7           6          63
           2           1          63
           9           4          63
           1           2          63
           6           7          63
           8           5          63
           4           9          63
  Particle-particle pairs:
          14          15          63
          13          16          63
          12          17          63
          11          18          63
          18          11          63
          17          12          63
          16          13          63
          15          14          63
 np1=          18 ,np2=          18
 thisBlock=          38
  Hole-hole pairs:
           9           2          64
           1          10          64
          10           1          64
           2           9          64
  Hole-hole pairs:
           9          10          65
          10           9          65
  Particle-particle pairs:
          18          15          65
          17          16          65
          16          17          65
          15          18          65
 np1=          18 ,np2=          18
 thisBlock=          40
  Hole-hole pairs:
           3           8          67
           8           3          67
           7           4          67
           4           7          67
  Hole-hole pairs:
           1           8          68
           7           2          68
           2           7          68
           8           1          68
  Hole-hole pairs:
           8           9          69
           9           8          69
           7          10          69
          10           7          69
  Particle-particle pairs:
          14          13          71
          13          14          71
 np1=          14 ,np2=          14
 thisBlock=          46
  Hole-hole pairs:
           7           8          73
           8           7          73
  Particle-particle pairs:
          17          14          73
          14          17          73
          18          13          73
          13          18          73
 np1=          18 ,np2=          18
 thisBlock=          48
  Particle-particle pairs:
          17          18          75
          18          17          75
 np1=          18 ,np2=          18
 thisBlock=          50
  Particle-particle pairs:
          12          12         101
 np1=          12 ,np2=          12
 thisBlock=          51
  Hole-hole pairs:
           6           6         103
  Particle-particle pairs:
          12          16         103
          16          12         103
 np1=          16 ,np2=          16
 thisBlock=          53
  Particle-particle pairs:
          16          16         105
 np1=          16 ,np2=          16
 thisBlock=          55
  Hole-hole pairs:
           6           4         107
           4           6         107
  Hole-hole pairs:
           6           2         108
           2           6         108
  Hole-hole pairs:
           6          10         109
          10           6         109
  Hole-hole pairs:
           4           4         111
  Particle-particle pairs:
          12          14         111
          14          12         111
 np1=          14 ,np2=          14
 thisBlock=          61
  Hole-hole pairs:
           4           2         112
           2           4         112
  Hole-hole pairs:
           8           6         113
           2           2         113
           6           8         113
           4          10         113
          10           4         113
  Particle-particle pairs:
          16          14         113
          12          18         113
          14          16         113
          18          12         113
 np1=          18 ,np2=          18
 thisBlock=          63
  Hole-hole pairs:
           2          10         114
          10           2         114
  Hole-hole pairs:
          10          10         115
  Particle-particle pairs:
          16          18         115
          18          16         115
 np1=          18 ,np2=          18
 thisBlock=          65
  Hole-hole pairs:
           4           8         117
           8           4         117
  Hole-hole pairs:
           8           2         118
           2           8         118
  Hole-hole pairs:
          10           8         119
           8          10         119
  Particle-particle pairs:
          14          14         121
 np1=          14 ,np2=          14
 thisBlock=          71
  Hole-hole pairs:
           8           8         123
  Particle-particle pairs:
          18          14         123
          14          18         123
 np1=          18 ,np2=          18
 thisBlock=          73
  Particle-particle pairs:
          18          18         125
 np1=          18 ,np2=          18
 thisBlock=          75
  
 Setting up recoupled blocks...
  
  
  Particle-hole pairs:
  
  particle   hole   ranking number
     11      8      2
     15      8      4
     11     10      6
     11      2      7
     11      4      8
     15     10      8
     15      2      9
     15      4     10
     11      6     12
     13      8     12
     17      8     14
     15      6     14
     13     10     16
     13      2     17
     13      4     18
     17     10     18
     17      2     19
     17      4     20
     13      6     22
     17      6     24
     12      8     52
     11      7     52
     16      8     54
     15      7     54
     11      9     56
     12     10     56
     11      1     57
     12      2     57
     15      9     58
     16     10     58
     11      3     58
     12      4     58
     16      2     59
     15      1     59
     16      4     60
     15      3     60
     14      8     62
     13      7     62
     12      6     62
     11      5     62
     17      7     64
     16      6     64
     18      8     64
     15      5     64
     13      9     66
     14     10     66
     13      1     67
     14      2     67
     13      3     68
     18     10     68
     17      9     68
     14      4     68
     18      2     69
     17      1     69
     18      4     70
     17      3     70
     13      5     72
     14      6     72
     17      5     74
     18      6     74
     12      7    102
     16      7    104
     12      9    106
     12      1    107
     12      3    108
     16      9    108
     16      1    109
     16      3    110
     14      7    112
     12      5    112
     18      7    114
     16      5    114
     14      9    116
     14      1    117
     14      3    118
     18      9    118
     18      1    119
     18      3    120
     14      5    122
     18      5    124
  
  Hole-particle pairs:
  
  hole   particle   ranking number
      5     18      2
      5     14      4
      3     18      6
      1     18      7
      3     14      8
      9     18      8
      1     14      9
      9     14     10
      7     18     12
      5     16     12
      7     14     14
      5     12     14
      3     16     16
      1     16     17
      9     16     18
      3     12     18
      1     12     19
      9     12     20
      7     16     22
      7     12     24
      5     17     52
      6     18     52
      5     13     54
      6     14     54
      4     18     56
      3     17     56
      2     18     57
      1     17     57
     10     18     58
      9     17     58
      4     14     58
      3     13     58
      1     13     59
      2     14     59
      9     13     60
     10     14     60
      5     15     62
      6     16     62
      8     18     62
      7     17     62
      7     13     64
      8     14     64
      5     11     64
      6     12     64
      4     16     66
      3     15     66
      1     15     67
      2     16     67
      9     15     68
      3     11     68
     10     16     68
      4     12     68
      2     12     69
      1     11     69
     10     12     70
      9     11     70
      7     15     72
      8     16     72
      7     11     74
      8     12     74
      6     17    102
      6     13    104
      4     17    106
      2     17    107
     10     17    108
      4     13    108
      2     13    109
     10     13    110
      6     15    112
      8     17    112
      8     13    114
      6     11    114
      4     15    116
      2     15    117
     10     15    118
      4     11    118
      2     11    119
     10     11    120
      8     15    122
      8     11    124
  
  
  Number of ph pairs:          80
  Number of hp pairs:          80
  Number of cross-coupled blocks:           48
  
  Block nr           1
          11           8           2
  
           5          18           2
  
  Block nr           2
          15           8           4
  
           5          14           4
  
  Block nr           3
          11          10           6
  
           3          18           6
  
  Block nr           4
          11           2           7
  
           1          18           7
  
  Block nr           5
          11           4           8
          15          10           8
  
           3          14           8
           9          18           8
  
  Block nr           6
          15           2           9
  
           1          14           9
  
  Block nr           7
          15           4          10
  
           9          14          10
  
  Block nr           8
          11           6          12
          13           8          12
  
           7          18          12
           5          16          12
  
  Block nr           9
          17           8          14
          15           6          14
  
           7          14          14
           5          12          14
  
  Block nr          10
          13          10          16
  
           3          16          16
  
  Block nr          11
          13           2          17
  
           1          16          17
  
  Block nr          12
          13           4          18
          17          10          18
  
           9          16          18
           3          12          18
  
  Block nr          13
          17           2          19
  
           1          12          19
  
  Block nr          14
          17           4          20
  
           9          12          20
  
  Block nr          15
          13           6          22
  
           7          16          22
  
  Block nr          16
          17           6          24
  
           7          12          24
  
  Block nr          17
          12           8          52
          11           7          52
  
           5          17          52
           6          18          52
  
  Block nr          18
          16           8          54
          15           7          54
  
           5          13          54
           6          14          54
  
  Block nr          19
          11           9          56
          12          10          56
  
           4          18          56
           3          17          56
  
  Block nr          20
          11           1          57
          12           2          57
  
           2          18          57
           1          17          57
  
  Block nr          21
          15           9          58
          16          10          58
          11           3          58
          12           4          58
  
          10          18          58
           9          17          58
           4          14          58
           3          13          58
  
  Block nr          22
          16           2          59
          15           1          59
  
           1          13          59
           2          14          59
  
  Block nr          23
          16           4          60
          15           3          60
  
           9          13          60
          10          14          60
  
  Block nr          24
          14           8          62
          13           7          62
          12           6          62
          11           5          62
  
           5          15          62
           6          16          62
           8          18          62
           7          17          62
  
  Block nr          25
          17           7          64
          16           6          64
          18           8          64
          15           5          64
  
           7          13          64
           8          14          64
           5          11          64
           6          12          64
  
  Block nr          26
          13           9          66
          14          10          66
  
           4          16          66
           3          15          66
  
  Block nr          27
          13           1          67
          14           2          67
  
           1          15          67
           2          16          67
  
  Block nr          28
          13           3          68
          18          10          68
          17           9          68
          14           4          68
  
           9          15          68
           3          11          68
          10          16          68
           4          12          68
  
  Block nr          29
          18           2          69
          17           1          69
  
           2          12          69
           1          11          69
  
  Block nr          30
          18           4          70
          17           3          70
  
          10          12          70
           9          11          70
  
  Block nr          31
          13           5          72
          14           6          72
  
           7          15          72
           8          16          72
  
  Block nr          32
          17           5          74
          18           6          74
  
           7          11          74
           8          12          74
  
  Block nr          33
          12           7         102
  
           6          17         102
  
  Block nr          34
          16           7         104
  
           6          13         104
  
  Block nr          35
          12           9         106
  
           4          17         106
  
  Block nr          36
          12           1         107
  
           2          17         107
  
  Block nr          37
          12           3         108
          16           9         108
  
          10          17         108
           4          13         108
  
  Block nr          38
          16           1         109
  
           2          13         109
  
  Block nr          39
          16           3         110
  
          10          13         110
  
  Block nr          40
          14           7         112
          12           5         112
  
           6          15         112
           8          17         112
  
  Block nr          41
          18           7         114
          16           5         114
  
           8          13         114
           6          11         114
  
  Block nr          42
          14           9         116
  
           4          15         116
  
  Block nr          43
          14           1         117
  
           2          15         117
  
  Block nr          44
          14           3         118
          18           9         118
  
          10          15         118
           4          11         118
  
  Block nr          45
          18           1         119
  
           2          11         119
  
  Block nr          46
          18           3         120
  
          10          11         120
  
  Block nr          47
          14           5         122
  
           8          15         122
  
  Block nr          48
          18           5         124
  
           8          11         124
  
  Setting up interaction matrix...
  Setting up Fock matrix...
  
 ------  Setup is done  ------
  
  
 eneKin/N =    4.02123859659494      , potRef/N =   -1.11735084998433     
 eneRef/N =    2.90388774661060     
  
  
 Self-consistency loop:
  
 Iteration number            1
 Updating intermediate diagrams...
 Updating the t2-amplitude matrix...
 Updating the cross-coupled t2-amplitude matrix...
 Calculating the correlation energy...
  
           5           8          18          11
 -0.356824823230554       7.866435128692444E-002
  
           5           8          14          15
 -0.356824823230554       7.866435128692444E-002
  
           3          10          18          11
 -0.356824823230554       7.866435128692444E-002
  
           1           2          18          11
 -0.252313252202016       2.440766033283383E-002
  
           3           4          14          11
 -0.356824823230554       7.866435128692444E-002
  
           3          10          14          15
 -0.159576912160573       3.517976737669722E-002
  
           9           4          18          11
 -0.159576912160573       3.517976737669722E-002
  
           9          10          18          15
 -0.356824823230554       0.000000000000000E+000
  
           1           2          14          15
 -0.252313252202016       2.440766033283383E-002
  
           9           4          14          15
 -0.356824823230554       7.866435128692444E-002
  
           7           6          18          11
 -0.159576912160573       3.517976737669722E-002
  
           7           8          18          13
 -0.356824823230554       7.866435128692444E-002
  
           5           6          16          11
 -0.356824823230554       7.866435128692444E-002
  
           5           8          16          13
 -0.159576912160573       0.000000000000000E+000
  
           7           8          14          17
 -0.356824823230554       7.866435128692444E-002
  
           7           6          14          15
 -0.159576912160573       3.517976737669722E-002
  
           5           8          12          17
 -0.159576912160573       3.517976737669722E-002
  
           5           6          12          15
 -0.356824823230554       7.866435128692444E-002
  
           3          10          16          13
 -0.356824823230554       7.866435128692444E-002
  
           1           2          16          13
 -0.252313252202016       2.440766033283383E-002
  
           9           4          16          13
 -0.159576912160573       3.517976737669722E-002
  
           9          10          16          17
 -0.356824823230554       7.866435128692444E-002
  
           3           4          12          13
 -0.356824823230554       7.866435128692444E-002
  
           3          10          12          17
 -0.159576912160573       3.517976737669722E-002
  
           1           2          12          17
 -0.252313252202016       2.440766033283383E-002
  
           9           4          12          17
 -0.356824823230554       7.866435128692444E-002
  
           7           6          16          13
 -0.356824823230554       7.866435128692444E-002
  
           7           6          12          17
 -0.356824823230554       7.866435128692444E-002
  
           5           8          17          12
  0.159576912160573      -3.517976737669722E-002
  
           5           7          17          11
 -0.197247911069981       4.348458391022721E-002
  
           6           8          18          12
 -0.197247911069981       4.348458391022721E-002
  
           6           7          18          11
  0.159576912160573       0.000000000000000E+000
  
           5           8          13          16
  0.159576912160573      -3.517976737669722E-002
  
           5           7          13          15
 -0.197247911069981       4.348458391022721E-002
  
           6           8          14          16
 -0.197247911069981       4.348458391022721E-002
  
           6           7          14          15
  0.159576912160573       0.000000000000000E+000
  
           4           9          18          11
  0.159576912160573      -3.517976737669722E-002
  
           4          10          18          12
 -0.197247911069981       4.348458391022721E-002
  
           3           9          17          11
 -0.197247911069981       4.348458391022721E-002
  
           3          10          17          12
  0.159576912160573      -3.517976737669722E-002
  
           2           1          18          11
  0.252313252202016      -2.440766033283383E-002
  
           2           2          18          12
  0.000000000000000E+000  0.000000000000000E+000
  
           1           1          17          11
  0.000000000000000E+000  0.000000000000000E+000
  
           1           2          17          12
  0.252313252202016      -2.440766033283383E-002
  
          10           9          18          15
  0.356824823230554      -7.866435128692444E-002
  
          10          10          18          16
  0.000000000000000E+000  0.000000000000000E+000
  
          10           3          18          11
  0.356824823230554      -7.866435128692444E-002
  
          10           4          18          12
  0.197247911069981      -4.348458391022721E-002
  
           9           9          17          15
  0.000000000000000E+000  0.000000000000000E+000
  
           9          10          17          16
  0.356824823230554      -7.866435128692444E-002
  
           9           3          17          11
  0.197247911069981      -4.348458391022721E-002
  
           9           4          17          12
  0.356824823230554       0.000000000000000E+000
  
           4           9          14          15
  0.356824823230554      -7.866435128692444E-002
  
           4          10          14          16
  0.197247911069981       0.000000000000000E+000
  
           4           3          14          11
  0.356824823230554       0.000000000000000E+000
  
           4           4          14          12
  0.000000000000000E+000  0.000000000000000E+000
  
           3           9          13          15
  0.197247911069981       0.000000000000000E+000
  
           3          10          13          16
  0.356824823230554       0.000000000000000E+000
  
           3           3          13          11
  0.000000000000000E+000  0.000000000000000E+000
  
           3           4          13          12
  0.356824823230554      -7.866435128692444E-002
  
           1           2          13          16
  0.252313252202016      -2.440766033283383E-002
  
           1           1          13          15
  0.000000000000000E+000  0.000000000000000E+000
  
           2           2          14          16
  0.000000000000000E+000  0.000000000000000E+000
  
           2           1          14          15
  0.252313252202016      -2.440766033283383E-002
  
           9           4          13          16
  0.159576912160573      -3.517976737669722E-002
  
           9           3          13          15
 -0.197247911069981       4.348458391022721E-002
  
          10           4          14          16
 -0.197247911069981       4.348458391022721E-002
  
          10           3          14          15
  0.159576912160573      -3.517976737669722E-002
  
           5           8          15          14
  0.356824823230554      -7.866435128692444E-002
  
           5           7          15          13
  0.197247911069981      -4.348458391022721E-002
  
           5           6          15          12
  0.356824823230554      -7.866435128692444E-002
  
           5           5          15          11
  0.000000000000000E+000  0.000000000000000E+000
  
           6           8          16          14
  0.197247911069981      -4.348458391022721E-002
  
           6           7          16          13
  0.356824823230554       0.000000000000000E+000
  
           6           6          16          12
  0.000000000000000E+000  0.000000000000000E+000
  
           6           5          16          11
  0.356824823230554      -7.866435128692444E-002
  
           8           8          18          14
  0.000000000000000E+000  0.000000000000000E+000
  
           8           7          18          13
  0.356824823230554       0.000000000000000E+000
  
           8           6          18          12
  0.197247911069981       0.000000000000000E+000
  
           8           5          18          11
  0.356824823230554       0.000000000000000E+000
  
           7           8          17          14
  0.356824823230554       0.000000000000000E+000
  
           7           7          17          13
  0.000000000000000E+000  0.000000000000000E+000
  
           7           6          17          12
  0.356824823230554       0.000000000000000E+000
  
           7           5          17          11
  0.197247911069981       0.000000000000000E+000
  
           7           7          13          17
  0.000000000000000E+000  0.000000000000000E+000
  
           7           6          13          16
  0.356824823230554      -7.866435128692444E-002
  
           7           8          13          18
  0.356824823230554      -7.866435128692444E-002
  
           7           5          13          15
  0.197247911069981      -4.348458391022721E-002
  
           8           7          14          17
  0.356824823230554      -7.866435128692444E-002
  
           8           6          14          16
  0.197247911069981      -4.348458391022721E-002
  
           8           8          14          18
  0.000000000000000E+000  0.000000000000000E+000
  
           8           5          14          15
  0.356824823230554      -7.866435128692444E-002
  
           5           7          11          17
  0.197247911069981       0.000000000000000E+000
  
           5           6          11          16
  0.356824823230554      -7.866435128692444E-002
  
           5           8          11          18
  0.356824823230554      -7.866435128692444E-002
  
           5           5          11          15
  0.000000000000000E+000  0.000000000000000E+000
  
           6           7          12          17
  0.356824823230554       0.000000000000000E+000
  
           6           6          12          16
  0.000000000000000E+000  0.000000000000000E+000
  
           6           8          12          18
  0.197247911069981       0.000000000000000E+000
  
           6           5          12          15
  0.356824823230554       0.000000000000000E+000
  
           4           9          16          13
  0.159576912160573      -3.517976737669722E-002
  
           4          10          16          14
 -0.197247911069981       4.348458391022721E-002
  
           3           9          15          13
 -0.197247911069981       4.348458391022721E-002
  
           3          10          15          14
  0.159576912160573      -3.517976737669722E-002
  
           1           1          15          13
  0.000000000000000E+000  0.000000000000000E+000
  
           1           2          15          14
  0.252313252202016      -2.440766033283383E-002
  
           2           1          16          13
  0.252313252202016       0.000000000000000E+000
  
           2           2          16          14
  0.000000000000000E+000  0.000000000000000E+000
  
           9           3          15          13
  0.197247911069981      -4.348458391022721E-002
  
           9          10          15          18
  0.356824823230554      -7.866435128692444E-002
  
           9           9          15          17
  0.000000000000000E+000  0.000000000000000E+000
  
           9           4          15          14
  0.356824823230554      -7.866435128692444E-002
  
           3           3          11          13
  0.000000000000000E+000  0.000000000000000E+000
  
           3          10          11          18
  0.356824823230554       0.000000000000000E+000
  
           3           9          11          17
  0.197247911069981      -4.348458391022721E-002
  
           3           4          11          14
  0.356824823230554      -7.866435128692444E-002
  
          10           3          16          13
  0.356824823230554       0.000000000000000E+000
  
          10          10          16          18
  0.000000000000000E+000  0.000000000000000E+000
  
          10           9          16          17
  0.356824823230554       0.000000000000000E+000
  
          10           4          16          14
  0.197247911069981       0.000000000000000E+000
  
           4           3          12          13
  0.356824823230554       0.000000000000000E+000
  
           4          10          12          18
  0.197247911069981      -4.348458391022721E-002
  
           4           9          12          17
  0.356824823230554       0.000000000000000E+000
  
           4           4          12          14
  0.000000000000000E+000  0.000000000000000E+000
  
           2           2          12          18
  0.000000000000000E+000  0.000000000000000E+000
  
           2           1          12          17
  0.252313252202016      -2.440766033283383E-002
  
           1           2          11          18
  0.252313252202016      -2.440766033283383E-002
  
           1           1          11          17
  0.000000000000000E+000  0.000000000000000E+000
  
          10           4          12          18
 -0.197247911069981       4.348458391022721E-002
  
          10           3          12          17
  0.159576912160573      -3.517976737669722E-002
  
           9           4          11          18
  0.159576912160573       0.000000000000000E+000
  
           9           3          11          17
 -0.197247911069981       4.348458391022721E-002
  
           7           5          15          13
 -0.197247911069981       4.348458391022721E-002
  
           7           6          15          14
  0.159576912160573      -3.517976737669722E-002
  
           8           5          16          13
  0.159576912160573      -3.517976737669722E-002
  
           8           6          16          14
 -0.197247911069981       4.348458391022721E-002
  
           7           5          11          17
 -0.197247911069981       4.348458391022721E-002
  
           7           6          11          18
  0.159576912160573      -3.517976737669722E-002
  
           8           5          12          17
  0.159576912160573      -3.517976737669722E-002
  
           8           6          12          18
 -0.197247911069981       4.348458391022721E-002
  
           6           7          17          12
 -0.356824823230554       7.866435128692444E-002
  
           6           7          13          16
 -0.356824823230554       7.866435128692444E-002
  
           4           9          17          12
 -0.356824823230554       7.866435128692444E-002
  
           2           1          17          12
 -0.252313252202016       2.440766033283383E-002
  
          10           3          17          12
 -0.159576912160573       3.517976737669722E-002
  
          10           9          17          16
 -0.356824823230554       7.866435128692444E-002
  
           4           3          13          12
 -0.356824823230554       7.866435128692444E-002
  
           4           9          13          16
 -0.159576912160573       3.517976737669722E-002
  
           2           1          13          16
 -0.252313252202016       2.440766033283383E-002
  
          10           3          13          16
 -0.356824823230554       7.866435128692444E-002
  
           6           7          15          14
 -0.159576912160573       3.517976737669722E-002
  
           6           5          15          12
 -0.356824823230554       7.866435128692444E-002
  
           8           7          17          14
 -0.356824823230554       7.866435128692444E-002
  
           8           5          17          12
 -0.159576912160573       0.000000000000000E+000
  
           8           7          13          18
 -0.356824823230554       7.866435128692444E-002
  
           8           5          13          16
 -0.159576912160573       3.517976737669722E-002
  
           6           7          11          18
 -0.159576912160573       3.517976737669722E-002
  
           6           5          11          16
 -0.356824823230554       7.866435128692444E-002
  
           4           9          15          14
 -0.356824823230554       7.866435128692444E-002
  
           2           1          15          14
 -0.252313252202016       2.440766033283383E-002
  
          10           3          15          14
 -0.159576912160573       3.517976737669722E-002
  
          10           9          15          18
 -0.356824823230554       7.866435128692444E-002
  
           4           3          11          14
 -0.356824823230554       7.866435128692444E-002
  
           4           9          11          18
 -0.159576912160573       0.000000000000000E+000
  
           2           1          11          18
 -0.252313252202016       2.440766033283383E-002
  
          10           3          11          18
 -0.356824823230554       7.866435128692444E-002
  
           8           5          15          14
 -0.356824823230554       7.866435128692444E-002
  
           8           5          11          18
 -0.356824823230554       7.866435128692444E-002
  
 correne calculated
  
 eneCorrel/N =  -4.500246115901120E-002
  
 Difference:    100000.450024612     
  
 ------  Selfconsistency loop done ------
  
  
 eneCorrel/N =  -9.000492231802240E-002 , eneTot/N =    2.81388282429258     
  
