  
  Setting up single-particle basis...
 factor=   5.23092671618695     
 Orbitals =           38
  
    1   -1    0    0    0   0.0000000
    2    1    0    0    0   0.0000000
 shell=           1 , orbits=           2
    3   -1   -1    0    0   5.2309267
    4    1   -1    0    0   5.2309267
    5   -1    0   -1    0   5.2309267
    6    1    0   -1    0   5.2309267
    7   -1    0    0   -1   5.2309267
    8    1    0    0   -1   5.2309267
    9   -1    0    0    1   5.2309267
   10    1    0    0    1   5.2309267
   11   -1    0    1    0   5.2309267
   12    1    0    1    0   5.2309267
   13   -1    1    0    0   5.2309267
   14    1    1    0    0   5.2309267
 shell=           2 , orbits=          14
   15   -1   -1   -1    0  10.4618534
   16    1   -1   -1    0  10.4618534
   17   -1   -1    0   -1  10.4618534
   18    1   -1    0   -1  10.4618534
   19   -1   -1    0    1  10.4618534
   20    1   -1    0    1  10.4618534
   21   -1   -1    1    0  10.4618534
   22    1   -1    1    0  10.4618534
   23   -1    0   -1   -1  10.4618534
   24    1    0   -1   -1  10.4618534
   25   -1    0   -1    1  10.4618534
   26    1    0   -1    1  10.4618534
   27   -1    0    1   -1  10.4618534
   28    1    0    1   -1  10.4618534
   29   -1    0    1    1  10.4618534
   30    1    0    1    1  10.4618534
   31   -1    1   -1    0  10.4618534
   32    1    1   -1    0  10.4618534
   33   -1    1    0   -1  10.4618534
   34    1    1    0   -1  10.4618534
   35   -1    1    0    1  10.4618534
   36    1    1    0    1  10.4618534
   37   -1    1    1    0  10.4618534
   38    1    1    1    0  10.4618534
 shell=           3 , orbits=          38
  
  Setting up interaction matrix...
 interaction matrix elements:
    1    2    3   14   0.1638606
    1    2    4   13  -0.1638606
    1    2    5   12   0.1638606
    1    2    6   11  -0.1638606
    1    2    7   10   0.1638606
    1    2    8    9  -0.1638606
    1    2   15   38   0.0819303
    1    2   16   37  -0.0819303
    1    2   17   36   0.0819303
    1    2   18   35  -0.0819303
    1    2   19   34   0.0819303
    1    2   20   33  -0.0819303
    1    2   21   32   0.0819303
    1    2   22   31  -0.0819303
    1    2   23   30   0.0819303
    1    2   24   29  -0.0819303
    1    2   25   28   0.0819303
    1    2   26   27  -0.0819303
    1    3    1    3  -0.1638606
    1    3    5   21   0.0819303
    1    3    7   19   0.0819303
    1    3    9   17   0.0819303
    1    3   11   15   0.0819303
    1    4    2    3  -0.1638606
    1    4    5   22   0.1638606
    1    4    6   21  -0.0819303
    1    4    7   20   0.1638606
    1    4    8   19  -0.0819303
    1    4    9   18   0.1638606
    1    4   10   17  -0.0819303
    1    4   11   16   0.1638606
    1    4   12   15  -0.0819303
    1    5    1    5  -0.1638606
    1    5    3   31   0.0819303
    1    5    7   25   0.0819303
    1    5    9   23   0.0819303
    1    5   13   15   0.0819303
    1    6    2    5  -0.1638606
    1    6    3   32   0.1638606
    1    6    4   31  -0.0819303
    1    6    7   26   0.1638606
    1    6    8   25  -0.0819303
    1    6    9   24   0.1638606
    1    6   10   23  -0.0819303
    1    6   13   16   0.1638606
    1    6   14   15  -0.0819303
    1    7    1    7  -0.1638606
    1    7    3   33   0.0819303
    1    7    5   27   0.0819303
    1    7   11   23   0.0819303
    1    7   13   17   0.0819303
    1    8    2    7  -0.1638606
    1    8    3   34   0.1638606
    1    8    4   33  -0.0819303
    1    8    5   28   0.1638606
    1    8    6   27  -0.0819303
    1    8   11   24   0.1638606
    1    8   12   23  -0.0819303
    1    8   13   18   0.1638606
    1    8   14   17  -0.0819303
    1    9    1    9  -0.1638606
    1    9    3   35   0.0819303
    1    9    5   29   0.0819303
    1    9   11   25   0.0819303
    1    9   13   19   0.0819303
    1   10    2    9  -0.1638606
    1   10    3   36   0.1638606
    1   10    4   35  -0.0819303
    1   10    5   30   0.1638606
    1   10    6   29  -0.0819303
    1   10   11   26   0.1638606
    1   10   12   25  -0.0819303
    1   10   13   20   0.1638606
    1   10   14   19  -0.0819303
    1   11    1   11  -0.1638606
    1   11    3   37   0.0819303
    1   11    7   29   0.0819303
    1   11    9   27   0.0819303
    1   11   13   21   0.0819303
    1   12    2   11  -0.1638606
    1   12    3   38   0.1638606
    1   12    4   37  -0.0819303
    1   12    7   30   0.1638606
    1   12    8   29  -0.0819303
    1   12    9   28   0.1638606
    1   12   10   27  -0.0819303
    1   12   13   22   0.1638606
    1   12   14   21  -0.0819303
    1   13    1   13  -0.1638606
    1   13    5   37   0.0819303
    1   13    7   35   0.0819303
    1   13    9   33   0.0819303
    1   13   11   31   0.0819303
    1   14    2   13  -0.1638606
    1   14    5   38   0.1638606
    1   14    6   37  -0.0819303
    1   14    7   36   0.1638606
    1   14    8   35  -0.0819303
    1   14    9   34   0.1638606
    1   14   10   33  -0.0819303
    1   14   11   32   0.1638606
    1   14   12   31  -0.0819303
    1   15    1   15  -0.0819303
    1   16    2   15  -0.0819303
    1   16    3    6   0.1638606
    1   16    4    5  -0.1638606
    1   16   17   26   0.0819303
    1   16   18   25  -0.0819303
    1   16   19   24   0.0819303
    1   16   20   23  -0.0819303
    1   17    1   17  -0.0819303
    1   18    2   17  -0.0819303
    1   18    3    8   0.1638606
    1   18    4    7  -0.1638606
    1   18   15   28   0.0819303
    1   18   16   27  -0.0819303
    1   18   21   24   0.0819303
    1   18   22   23  -0.0819303
    1   19    1   19  -0.0819303
    1   20    2   19  -0.0819303
    1   20    3   10   0.1638606
    1   20    4    9  -0.1638606
    1   20   15   30   0.0819303
    1   20   16   29  -0.0819303
    1   20   21   26   0.0819303
    1   20   22   25  -0.0819303
    1   21    1   21  -0.0819303
    1   22    2   21  -0.0819303
    1   22    3   12   0.1638606
    1   22    4   11  -0.1638606
    1   22   17   30   0.0819303
    1   22   18   29  -0.0819303
    1   22   19   28   0.0819303
    1   22   20   27  -0.0819303
    1   23    1   23  -0.0819303
    1   24    2   23  -0.0819303
    1   24    5    8   0.1638606
    1   24    6    7  -0.1638606
    1   24   15   34   0.0819303
    1   24   16   33  -0.0819303
    1   24   17   32   0.0819303
    1   24   18   31  -0.0819303
    1   25    1   25  -0.0819303
    1   26    2   25  -0.0819303
    1   26    5   10   0.1638606
    1   26    6    9  -0.1638606
    1   26   15   36   0.0819303
    1   26   16   35  -0.0819303
    1   26   19   32   0.0819303
    1   26   20   31  -0.0819303
    1   27    1   27  -0.0819303
    1   28    2   27  -0.0819303
    1   28    7   12   0.1638606
    1   28    8   11  -0.1638606
    1   28   17   38   0.0819303
    1   28   18   37  -0.0819303
    1   28   21   34   0.0819303
    1   28   22   33  -0.0819303
    1   29    1   29  -0.0819303
    1   30    2   29  -0.0819303
    1   30    9   12   0.1638606
    1   30   10   11  -0.1638606
    1   30   19   38   0.0819303
    1   30   20   37  -0.0819303
    1   30   21   36   0.0819303
    1   30   22   35  -0.0819303
    1   31    1   31  -0.0819303
    1   32    2   31  -0.0819303
    1   32    5   14   0.1638606
    1   32    6   13  -0.1638606
    1   32   23   36   0.0819303
    1   32   24   35  -0.0819303
    1   32   25   34   0.0819303
    1   32   26   33  -0.0819303
    1   33    1   33  -0.0819303
    1   34    2   33  -0.0819303
    1   34    7   14   0.1638606
    1   34    8   13  -0.1638606
    1   34   23   38   0.0819303
    1   34   24   37  -0.0819303
    1   34   27   32   0.0819303
    1   34   28   31  -0.0819303
    1   35    1   35  -0.0819303
    1   36    2   35  -0.0819303
    1   36    9   14   0.1638606
    1   36   10   13  -0.1638606
    1   36   25   38   0.0819303
    1   36   26   37  -0.0819303
    1   36   29   32   0.0819303
    1   36   30   31  -0.0819303
    1   37    1   37  -0.0819303
    1   38    2   37  -0.0819303
    1   38   11   14   0.1638606
    1   38   12   13  -0.1638606
    1   38   27   36   0.0819303
    1   38   28   35  -0.0819303
    1   38   29   34   0.0819303
    1   38   30   33  -0.0819303
    2    3    1    4  -0.1638606
    2    3    5   22  -0.0819303
    2    3    6   21   0.1638606
    2    3    7   20  -0.0819303
    2    3    8   19   0.1638606
    2    3    9   18  -0.0819303
    2    3   10   17   0.1638606
    2    3   11   16  -0.0819303
    2    3   12   15   0.1638606
    2    4    2    4  -0.1638606
    2    4    6   22   0.0819303
    2    4    8   20   0.0819303
    2    4   10   18   0.0819303
    2    4   12   16   0.0819303
    2    5    1    6  -0.1638606
    2    5    3   32  -0.0819303
    2    5    4   31   0.1638606
    2    5    7   26  -0.0819303
    2    5    8   25   0.1638606
    2    5    9   24  -0.0819303
    2    5   10   23   0.1638606
    2    5   13   16  -0.0819303
    2    5   14   15   0.1638606
    2    6    2    6  -0.1638606
    2    6    4   32   0.0819303
    2    6    8   26   0.0819303
    2    6   10   24   0.0819303
    2    6   14   16   0.0819303
    2    7    1    8  -0.1638606
    2    7    3   34  -0.0819303
    2    7    4   33   0.1638606
    2    7    5   28  -0.0819303
    2    7    6   27   0.1638606
    2    7   11   24  -0.0819303
    2    7   12   23   0.1638606
    2    7   13   18  -0.0819303
    2    7   14   17   0.1638606
    2    8    2    8  -0.1638606
    2    8    4   34   0.0819303
    2    8    6   28   0.0819303
    2    8   12   24   0.0819303
    2    8   14   18   0.0819303
    2    9    1   10  -0.1638606
    2    9    3   36  -0.0819303
    2    9    4   35   0.1638606
    2    9    5   30  -0.0819303
    2    9    6   29   0.1638606
    2    9   11   26  -0.0819303
    2    9   12   25   0.1638606
    2    9   13   20  -0.0819303
    2    9   14   19   0.1638606
    2   10    2   10  -0.1638606
    2   10    4   36   0.0819303
    2   10    6   30   0.0819303
    2   10   12   26   0.0819303
    2   10   14   20   0.0819303
    2   11    1   12  -0.1638606
    2   11    3   38  -0.0819303
    2   11    4   37   0.1638606
    2   11    7   30  -0.0819303
    2   11    8   29   0.1638606
    2   11    9   28  -0.0819303
    2   11   10   27   0.1638606
    2   11   13   22  -0.0819303
    2   11   14   21   0.1638606
    2   12    2   12  -0.1638606
    2   12    4   38   0.0819303
    2   12    8   30   0.0819303
    2   12   10   28   0.0819303
    2   12   14   22   0.0819303
    2   13    1   14  -0.1638606
    2   13    5   38  -0.0819303
    2   13    6   37   0.1638606
    2   13    7   36  -0.0819303
    2   13    8   35   0.1638606
    2   13    9   34  -0.0819303
    2   13   10   33   0.1638606
    2   13   11   32  -0.0819303
    2   13   12   31   0.1638606
    2   14    2   14  -0.1638606
    2   14    6   38   0.0819303
    2   14    8   36   0.0819303
    2   14   10   34   0.0819303
    2   14   12   32   0.0819303
    2   15    1   16  -0.0819303
    2   15    3    6  -0.1638606
    2   15    4    5   0.1638606
    2   15   17   26  -0.0819303
    2   15   18   25   0.0819303
    2   15   19   24  -0.0819303
    2   15   20   23   0.0819303
    2   16    2   16  -0.0819303
    2   17    1   18  -0.0819303
    2   17    3    8  -0.1638606
    2   17    4    7   0.1638606
    2   17   15   28  -0.0819303
    2   17   16   27   0.0819303
    2   17   21   24  -0.0819303
    2   17   22   23   0.0819303
    2   18    2   18  -0.0819303
    2   19    1   20  -0.0819303
    2   19    3   10  -0.1638606
    2   19    4    9   0.1638606
    2   19   15   30  -0.0819303
    2   19   16   29   0.0819303
    2   19   21   26  -0.0819303
    2   19   22   25   0.0819303
    2   20    2   20  -0.0819303
    2   21    1   22  -0.0819303
    2   21    3   12  -0.1638606
    2   21    4   11   0.1638606
    2   21   17   30  -0.0819303
    2   21   18   29   0.0819303
    2   21   19   28  -0.0819303
    2   21   20   27   0.0819303
    2   22    2   22  -0.0819303
    2   23    1   24  -0.0819303
    2   23    5    8  -0.1638606
    2   23    6    7   0.1638606
    2   23   15   34  -0.0819303
    2   23   16   33   0.0819303
    2   23   17   32  -0.0819303
    2   23   18   31   0.0819303
    2   24    2   24  -0.0819303
    2   25    1   26  -0.0819303
    2   25    5   10  -0.1638606
    2   25    6    9   0.1638606
    2   25   15   36  -0.0819303
    2   25   16   35   0.0819303
    2   25   19   32  -0.0819303
    2   25   20   31   0.0819303
    2   26    2   26  -0.0819303
    2   27    1   28  -0.0819303
    2   27    7   12  -0.1638606
    2   27    8   11   0.1638606
    2   27   17   38  -0.0819303
    2   27   18   37   0.0819303
    2   27   21   34  -0.0819303
    2   27   22   33   0.0819303
    2   28    2   28  -0.0819303
    2   29    1   30  -0.0819303
    2   29    9   12  -0.1638606
    2   29   10   11   0.1638606
    2   29   19   38  -0.0819303
    2   29   20   37   0.0819303
    2   29   21   36  -0.0819303
    2   29   22   35   0.0819303
    2   30    2   30  -0.0819303
    2   31    1   32  -0.0819303
    2   31    5   14  -0.1638606
    2   31    6   13   0.1638606
    2   31   23   36  -0.0819303
    2   31   24   35   0.0819303
    2   31   25   34  -0.0819303
    2   31   26   33   0.0819303
    2   32    2   32  -0.0819303
    2   33    1   34  -0.0819303
    2   33    7   14  -0.1638606
    2   33    8   13   0.1638606
    2   33   23   38  -0.0819303
    2   33   24   37   0.0819303
    2   33   27   32  -0.0819303
    2   33   28   31   0.0819303
    2   34    2   34  -0.0819303
    2   35    1   36  -0.0819303
    2   35    9   14  -0.1638606
    2   35   10   13   0.1638606
    2   35   25   38  -0.0819303
    2   35   26   37   0.0819303
    2   35   29   32  -0.0819303
    2   35   30   31   0.0819303
    2   36    2   36  -0.0819303
    2   37    1   38  -0.0819303
    2   37   11   14  -0.1638606
    2   37   12   13   0.1638606
    2   37   27   36  -0.0819303
    2   37   28   35   0.0819303
    2   37   29   34  -0.0819303
    2   37   30   33   0.0819303
    2   38    2   38  -0.0819303
    3    4   15   22   0.1638606
    3    4   16   21  -0.1638606
    3    4   17   20   0.1638606
    3    4   18   19  -0.1638606
    3    5    3    5  -0.0819303
    3    5   17   25   0.1092404
    3    5   19   23   0.1092404
    3    6    1   16   0.1638606
    3    6    2   15  -0.1638606
    3    6    4    5  -0.0819303
    3    6   17   26   0.1638606
    3    6   18   25  -0.0546202
    3    6   19   24   0.1638606
    3    6   20   23  -0.0546202
    3    7    3    7  -0.0819303
    3    7   15   27   0.1092404
    3    7   21   23   0.1092404
    3    8    1   18   0.1638606
    3    8    2   17  -0.1638606
    3    8    4    7  -0.0819303
    3    8   15   28   0.1638606
    3    8   16   27  -0.0546202
    3    8   21   24   0.1638606
    3    8   22   23  -0.0546202
    3    9    3    9  -0.0819303
    3    9   15   29   0.1092404
    3    9   21   25   0.1092404
    3   10    1   20   0.1638606
    3   10    2   19  -0.1638606
    3   10    4    9  -0.0819303
    3   10   15   30   0.1638606
    3   10   16   29  -0.0546202
    3   10   21   26   0.1638606
    3   10   22   25  -0.0546202
    3   11    3   11  -0.0819303
    3   11   17   29   0.1092404
    3   11   19   27   0.1092404
    3   12    1   22   0.1638606
    3   12    2   21  -0.1638606
    3   12    4   11  -0.0819303
    3   12   17   30   0.1638606
    3   12   18   29  -0.0546202
    3   12   19   28   0.1638606
    3   12   20   27  -0.0546202
    3   13    3   13  -0.0409652
    3   13   15   37   0.1310885
    3   13   17   35   0.1310885
    3   13   19   33   0.1310885
    3   13   21   31   0.1310885
    3   14    1    2   0.1638606
    3   14    4   13  -0.0409652
    3   14    5   12   0.0819303
    3   14    6   11  -0.0819303
    3   14    7   10   0.0819303
    3   14    8    9  -0.0819303
    3   14   15   38   0.1638606
    3   14   16   37  -0.0327721
    3   14   17   36   0.1638606
    3   14   18   35  -0.0327721
    3   14   19   34   0.1638606
    3   14   20   33  -0.0327721
    3   14   21   32   0.1638606
    3   14   22   31  -0.0327721
    3   14   23   30   0.0546202
    3   14   24   29  -0.0546202
    3   14   25   28   0.0546202
    3   14   26   27  -0.0546202
    3   15    3   15  -0.1638606
    3   16    4   15  -0.1638606
    3   17    3   17  -0.1638606
    3   18    4   17  -0.1638606
    3   19    3   19  -0.1638606
    3   20    4   19  -0.1638606
    3   21    3   21  -0.1638606
    3   22    4   21  -0.1638606
    3   23    3   23  -0.0546202
    3   23    5   17  -0.0819303
    3   23    7   15  -0.0819303
    3   24    4   23  -0.0546202
    3   24    5   18   0.0819303
    3   24    6   17  -0.1638606
    3   24    7   16   0.0819303
    3   24    8   15  -0.1638606
    3   25    3   25  -0.0546202
    3   25    5   19  -0.0819303
    3   25    9   15  -0.0819303
    3   26    4   25  -0.0546202
    3   26    5   20   0.0819303
    3   26    6   19  -0.1638606
    3   26    9   16   0.0819303
    3   26   10   15  -0.1638606
    3   27    3   27  -0.0546202
    3   27    7   21  -0.0819303
    3   27   11   17  -0.0819303
    3   28    4   27  -0.0546202
    3   28    7   22   0.0819303
    3   28    8   21  -0.1638606
    3   28   11   18   0.0819303
    3   28   12   17  -0.1638606
    3   29    3   29  -0.0546202
    3   29    9   21  -0.0819303
    3   29   11   19  -0.0819303
    3   30    4   29  -0.0546202
    3   30    9   22   0.0819303
    3   30   10   21  -0.1638606
    3   30   11   20   0.0819303
    3   30   12   19  -0.1638606
    3   31    1    5   0.0819303
    3   31    3   31  -0.0327721
    3   31    7   25   0.0273101
    3   31    9   23   0.0273101
    3   31   13   15  -0.1228955
    3   32    1    6   0.1638606
    3   32    2    5  -0.0819303
    3   32    4   31  -0.0327721
    3   32    7   26   0.0819303
    3   32    8   25  -0.0546202
    3   32    9   24   0.0819303
    3   32   10   23  -0.0546202
    3   32   13   16   0.0409652
    3   32   14   15  -0.1638606
    3   33    1    7   0.0819303
    3   33    3   33  -0.0327721
    3   33    5   27   0.0273101
    3   33   11   23   0.0273101
    3   33   13   17  -0.1228955
    3   34    1    8   0.1638606
    3   34    2    7  -0.0819303
    3   34    4   33  -0.0327721
    3   34    5   28   0.0819303
    3   34    6   27  -0.0546202
    3   34   11   24   0.0819303
    3   34   12   23  -0.0546202
    3   34   13   18   0.0409652
    3   34   14   17  -0.1638606
    3   35    1    9   0.0819303
    3   35    3   35  -0.0327721
    3   35    5   29   0.0273101
    3   35   11   25   0.0273101
    3   35   13   19  -0.1228955
    3   36    1   10   0.1638606
    3   36    2    9  -0.0819303
    3   36    4   35  -0.0327721
    3   36    5   30   0.0819303
    3   36    6   29  -0.0546202
    3   36   11   26   0.0819303
    3   36   12   25  -0.0546202
    3   36   13   20   0.0409652
    3   36   14   19  -0.1638606
    3   37    1   11   0.0819303
    3   37    3   37  -0.0327721
    3   37    7   29   0.0273101
    3   37    9   27   0.0273101
    3   37   13   21  -0.1228955
    3   38    1   12   0.1638606
    3   38    2   11  -0.0819303
    3   38    4   37  -0.0327721
    3   38    7   30   0.0819303
    3   38    8   29  -0.0546202
    3   38    9   28   0.0819303
    3   38   10   27  -0.0546202
    3   38   13   22   0.0409652
    3   38   14   21  -0.1638606
    4    5    1   16  -0.1638606
    4    5    2   15   0.1638606
    4    5    3    6  -0.0819303
    4    5   17   26  -0.0546202
    4    5   18   25   0.1638606
    4    5   19   24  -0.0546202
    4    5   20   23   0.1638606
    4    6    4    6  -0.0819303
    4    6   18   26   0.1092404
    4    6   20   24   0.1092404
    4    7    1   18  -0.1638606
    4    7    2   17   0.1638606
    4    7    3    8  -0.0819303
    4    7   15   28  -0.0546202
    4    7   16   27   0.1638606
    4    7   21   24  -0.0546202
    4    7   22   23   0.1638606
    4    8    4    8  -0.0819303
    4    8   16   28   0.1092404
    4    8   22   24   0.1092404
    4    9    1   20  -0.1638606
    4    9    2   19   0.1638606
    4    9    3   10  -0.0819303
    4    9   15   30  -0.0546202
    4    9   16   29   0.1638606
    4    9   21   26  -0.0546202
    4    9   22   25   0.1638606
    4   10    4   10  -0.0819303
    4   10   16   30   0.1092404
    4   10   22   26   0.1092404
    4   11    1   22  -0.1638606
    4   11    2   21   0.1638606
    4   11    3   12  -0.0819303
    4   11   17   30  -0.0546202
    4   11   18   29   0.1638606
    4   11   19   28  -0.0546202
    4   11   20   27   0.1638606
    4   12    4   12  -0.0819303
    4   12   18   30   0.1092404
    4   12   20   28   0.1092404
    4   13    1    2  -0.1638606
    4   13    3   14  -0.0409652
    4   13    5   12  -0.0819303
    4   13    6   11   0.0819303
    4   13    7   10  -0.0819303
    4   13    8    9   0.0819303
    4   13   15   38  -0.0327721
    4   13   16   37   0.1638606
    4   13   17   36  -0.0327721
    4   13   18   35   0.1638606
    4   13   19   34  -0.0327721
    4   13   20   33   0.1638606
    4   13   21   32  -0.0327721
    4   13   22   31   0.1638606
    4   13   23   30  -0.0546202
    4   13   24   29   0.0546202
    4   13   25   28  -0.0546202
    4   13   26   27   0.0546202
    4   14    4   14  -0.0409652
    4   14   16   38   0.1310885
    4   14   18   36   0.1310885
    4   14   20   34   0.1310885
    4   14   22   32   0.1310885
    4   15    3   16  -0.1638606
    4   16    4   16  -0.1638606
    4   17    3   18  -0.1638606
    4   18    4   18  -0.1638606
    4   19    3   20  -0.1638606
    4   20    4   20  -0.1638606
    4   21    3   22  -0.1638606
    4   22    4   22  -0.1638606
    4   23    3   24  -0.0546202
    4   23    5   18  -0.1638606
    4   23    6   17   0.0819303
    4   23    7   16  -0.1638606
    4   23    8   15   0.0819303
    4   24    4   24  -0.0546202
    4   24    6   18  -0.0819303
    4   24    8   16  -0.0819303
    4   25    3   26  -0.0546202
    4   25    5   20  -0.1638606
    4   25    6   19   0.0819303
    4   25    9   16  -0.1638606
    4   25   10   15   0.0819303
    4   26    4   26  -0.0546202
    4   26    6   20  -0.0819303
    4   26   10   16  -0.0819303
    4   27    3   28  -0.0546202
    4   27    7   22  -0.1638606
    4   27    8   21   0.0819303
    4   27   11   18  -0.1638606
    4   27   12   17   0.0819303
    4   28    4   28  -0.0546202
    4   28    8   22  -0.0819303
    4   28   12   18  -0.0819303
    4   29    3   30  -0.0546202
    4   29    9   22  -0.1638606
    4   29   10   21   0.0819303
    4   29   11   20  -0.1638606
    4   29   12   19   0.0819303
    4   30    4   30  -0.0546202
    4   30   10   22  -0.0819303
    4   30   12   20  -0.0819303
    4   31    1    6  -0.0819303
    4   31    2    5   0.1638606
    4   31    3   32  -0.0327721
    4   31    7   26  -0.0546202
    4   31    8   25   0.0819303
    4   31    9   24  -0.0546202
    4   31   10   23   0.0819303
    4   31   13   16  -0.1638606
    4   31   14   15   0.0409652
    4   32    2    6   0.0819303
    4   32    4   32  -0.0327721
    4   32    8   26   0.0273101
    4   32   10   24   0.0273101
    4   32   14   16  -0.1228955
    4   33    1    8  -0.0819303
    4   33    2    7   0.1638606
    4   33    3   34  -0.0327721
    4   33    5   28  -0.0546202
    4   33    6   27   0.0819303
    4   33   11   24  -0.0546202
    4   33   12   23   0.0819303
    4   33   13   18  -0.1638606
    4   33   14   17   0.0409652
    4   34    2    8   0.0819303
    4   34    4   34  -0.0327721
    4   34    6   28   0.0273101
    4   34   12   24   0.0273101
    4   34   14   18  -0.1228955
    4   35    1   10  -0.0819303
    4   35    2    9   0.1638606
    4   35    3   36  -0.0327721
    4   35    5   30  -0.0546202
    4   35    6   29   0.0819303
    4   35   11   26  -0.0546202
    4   35   12   25   0.0819303
    4   35   13   20  -0.1638606
    4   35   14   19   0.0409652
    4   36    2   10   0.0819303
    4   36    4   36  -0.0327721
    4   36    6   30   0.0273101
    4   36   12   26   0.0273101
    4   36   14   20  -0.1228955
    4   37    1   12  -0.0819303
    4   37    2   11   0.1638606
    4   37    3   38  -0.0327721
    4   37    7   30  -0.0546202
    4   37    8   29   0.0819303
    4   37    9   28  -0.0546202
    4   37   10   27   0.0819303
    4   37   13   22  -0.1638606
    4   37   14   21   0.0409652
    4   38    2   12   0.0819303
    4   38    4   38  -0.0327721
    4   38    8   30   0.0273101
    4   38   10   28   0.0273101
    4   38   14   22  -0.1228955
    5    6   15   32   0.1638606
    5    6   16   31  -0.1638606
    5    6   23   26   0.1638606
    5    6   24   25  -0.1638606
    5    7    5    7  -0.0819303
    5    7   15   33   0.1092404
    5    7   17   31  -0.1092404
    5    8    1   24   0.1638606
    5    8    2   23  -0.1638606
    5    8    6    7  -0.0819303
    5    8   15   34   0.1638606
    5    8   16   33  -0.0546202
    5    8   17   32   0.0546202
    5    8   18   31  -0.1638606
    5    9    5    9  -0.0819303
    5    9   15   35   0.1092404
    5    9   19   31  -0.1092404
    5   10    1   26   0.1638606
    5   10    2   25  -0.1638606
    5   10    6    9  -0.0819303
    5   10   15   36   0.1638606
    5   10   16   35  -0.0546202
    5   10   19   32   0.0546202
    5   10   20   31  -0.1638606
    5   11    5   11  -0.0409652
    5   11   15   37   0.1310885
    5   11   21   31  -0.1310885
    5   11   23   29   0.1310885
    5   11   25   27   0.1310885
    5   12    1    2   0.1638606
    5   12    3   14   0.0819303
    5   12    4   13  -0.0819303
    5   12    6   11  -0.0409652
    5   12    7   10   0.0819303
    5   12    8    9  -0.0819303
    5   12   15   38   0.1638606
    5   12   16   37  -0.0327721
    5   12   17   36   0.0546202
    5   12   18   35  -0.0546202
    5   12   19   34   0.0546202
    5   12   20   33  -0.0546202
    5   12   21   32   0.0327721
    5   12   22   31  -0.1638606
    5   12   23   30   0.1638606
    5   12   24   29  -0.0327721
    5   12   25   28   0.1638606
    5   12   26   27  -0.0327721
    5   13    5   13  -0.0819303
    5   13   23   35   0.1092404
    5   13   25   33   0.1092404
    5   14    1   32   0.1638606
    5   14    2   31  -0.1638606
    5   14    6   13  -0.0819303
    5   14   23   36   0.1638606
    5   14   24   35  -0.0546202
    5   14   25   34   0.1638606
    5   14   26   33  -0.0546202
    5   15    5   15  -0.1638606
    5   16    6   15  -0.1638606
    5   17    3   23  -0.0819303
    5   17    5   17  -0.0546202
    5   17    7   15  -0.0819303
    5   18    3   24   0.0819303
    5   18    4   23  -0.1638606
    5   18    6   17  -0.0546202
    5   18    7   16   0.0819303
    5   18    8   15  -0.1638606
    5   19    3   25  -0.0819303
    5   19    5   19  -0.0546202
    5   19    9   15  -0.0819303
    5   20    3   26   0.0819303
    5   20    4   25  -0.1638606
    5   20    6   19  -0.0546202
    5   20    9   16   0.0819303
    5   20   10   15  -0.1638606
    5   21    1    3   0.0819303
    5   21    5   21  -0.0327721
    5   21    7   19   0.0273101
    5   21    9   17   0.0273101
    5   21   11   15  -0.1228955
    5   22    1    4   0.1638606
    5   22    2    3  -0.0819303
    5   22    6   21  -0.0327721
    5   22    7   20   0.0819303
    5   22    8   19  -0.0546202
    5   22    9   18   0.0819303
    5   22   10   17  -0.0546202
    5   22   11   16   0.0409652
    5   22   12   15  -0.1638606
    5   23    5   23  -0.1638606
    5   24    6   23  -0.1638606
    5   25    5   25  -0.1638606
    5   26    6   25  -0.1638606
    5   27    1    7   0.0819303
    5   27    3   33   0.0273101
    5   27    5   27  -0.0327721
    5   27   11   23  -0.1228955
    5   27   13   17   0.0273101
    5   28    1    8   0.1638606
    5   28    2    7  -0.0819303
    5   28    3   34   0.0819303
    5   28    4   33  -0.0546202
    5   28    6   27  -0.0327721
    5   28   11   24   0.0409652
    5   28   12   23  -0.1638606
    5   28   13   18   0.0819303
    5   28   14   17  -0.0546202
    5   29    1    9   0.0819303
    5   29    3   35   0.0273101
    5   29    5   29  -0.0327721
    5   29   11   25  -0.1228955
    5   29   13   19   0.0273101
    5   30    1   10   0.1638606
    5   30    2    9  -0.0819303
    5   30    3   36   0.0819303
    5   30    4   35  -0.0546202
    5   30    6   29  -0.0327721
    5   30   11   26   0.0409652
    5   30   12   25  -0.1638606
    5   30   13   20   0.0819303
    5   30   14   19  -0.0546202
    5   31    5   31  -0.1638606
    5   32    6   31  -0.1638606
    5   33    5   33  -0.0546202
    5   33    7   31  -0.0819303
    5   33   13   23  -0.0819303
    5   34    6   33  -0.0546202
    5   34    7   32   0.0819303
    5   34    8   31  -0.1638606
    5   34   13   24   0.0819303
    5   34   14   23  -0.1638606
    5   35    5   35  -0.0546202
    5   35    9   31  -0.0819303
    5   35   13   25  -0.0819303
    5   36    6   35  -0.0546202
    5   36    9   32   0.0819303
    5   36   10   31  -0.1638606
    5   36   13   26   0.0819303
    5   36   14   25  -0.1638606
    5   37    1   13   0.0819303
    5   37    5   37  -0.0327721
    5   37    7   35   0.0273101
    5   37    9   33   0.0273101
    5   37   11   31  -0.1228955
    5   38    1   14   0.1638606
    5   38    2   13  -0.0819303
    5   38    6   37  -0.0327721
    5   38    7   36   0.0819303
    5   38    8   35  -0.0546202
    5   38    9   34   0.0819303
    5   38   10   33  -0.0546202
    5   38   11   32   0.0409652
    5   38   12   31  -0.1638606
    6    7    1   24  -0.1638606
    6    7    2   23   0.1638606
    6    7    5    8  -0.0819303
    6    7   15   34  -0.0546202
    6    7   16   33   0.1638606
    6    7   17   32  -0.1638606
    6    7   18   31   0.0546202
    6    8    6    8  -0.0819303
    6    8   16   34   0.1092404
    6    8   18   32  -0.1092404
    6    9    1   26  -0.1638606
    6    9    2   25   0.1638606
    6    9    5   10  -0.0819303
    6    9   15   36  -0.0546202
    6    9   16   35   0.1638606
    6    9   19   32  -0.1638606
    6    9   20   31   0.0546202
    6   10    6   10  -0.0819303
    6   10   16   36   0.1092404
    6   10   20   32  -0.1092404
    6   11    1    2  -0.1638606
    6   11    3   14  -0.0819303
    6   11    4   13   0.0819303
    6   11    5   12  -0.0409652
    6   11    7   10  -0.0819303
    6   11    8    9   0.0819303
    6   11   15   38  -0.0327721
    6   11   16   37   0.1638606
    6   11   17   36  -0.0546202
    6   11   18   35   0.0546202
    6   11   19   34  -0.0546202
    6   11   20   33   0.0546202
    6   11   21   32  -0.1638606
    6   11   22   31   0.0327721
    6   11   23   30  -0.0327721
    6   11   24   29   0.1638606
    6   11   25   28  -0.0327721
    6   11   26   27   0.1638606
    6   12    6   12  -0.0409652
    6   12   16   38   0.1310885
    6   12   22   32  -0.1310885
    6   12   24   30   0.1310885
    6   12   26   28   0.1310885
    6   13    1   32  -0.1638606
    6   13    2   31   0.1638606
    6   13    5   14  -0.0819303
    6   13   23   36  -0.0546202
    6   13   24   35   0.1638606
    6   13   25   34  -0.0546202
    6   13   26   33   0.1638606
    6   14    6   14  -0.0819303
    6   14   24   36   0.1092404
    6   14   26   34   0.1092404
    6   15    5   16  -0.1638606
    6   16    6   16  -0.1638606
    6   17    3   24  -0.1638606
    6   17    4   23   0.0819303
    6   17    5   18  -0.0546202
    6   17    7   16  -0.1638606
    6   17    8   15   0.0819303
    6   18    4   24  -0.0819303
    6   18    6   18  -0.0546202
    6   18    8   16  -0.0819303
    6   19    3   26  -0.1638606
    6   19    4   25   0.0819303
    6   19    5   20  -0.0546202
    6   19    9   16  -0.1638606
    6   19   10   15   0.0819303
    6   20    4   26  -0.0819303
    6   20    6   20  -0.0546202
    6   20   10   16  -0.0819303
    6   21    1    4  -0.0819303
    6   21    2    3   0.1638606
    6   21    5   22  -0.0327721
    6   21    7   20  -0.0546202
    6   21    8   19   0.0819303
    6   21    9   18  -0.0546202
    6   21   10   17   0.0819303
    6   21   11   16  -0.1638606
    6   21   12   15   0.0409652
    6   22    2    4   0.0819303
    6   22    6   22  -0.0327721
    6   22    8   20   0.0273101
    6   22   10   18   0.0273101
    6   22   12   16  -0.1228955
    6   23    5   24  -0.1638606
    6   24    6   24  -0.1638606
    6   25    5   26  -0.1638606
    6   26    6   26  -0.1638606
    6   27    1    8  -0.0819303
    6   27    2    7   0.1638606
    6   27    3   34  -0.0546202
    6   27    4   33   0.0819303
    6   27    5   28  -0.0327721
    6   27   11   24  -0.1638606
    6   27   12   23   0.0409652
    6   27   13   18  -0.0546202
    6   27   14   17   0.0819303
    6   28    2    8   0.0819303
    6   28    4   34   0.0273101
    6   28    6   28  -0.0327721
    6   28   12   24  -0.1228955
    6   28   14   18   0.0273101
    6   29    1   10  -0.0819303
    6   29    2    9   0.1638606
    6   29    3   36  -0.0546202
    6   29    4   35   0.0819303
    6   29    5   30  -0.0327721
    6   29   11   26  -0.1638606
    6   29   12   25   0.0409652
    6   29   13   20  -0.0546202
    6   29   14   19   0.0819303
    6   30    2   10   0.0819303
    6   30    4   36   0.0273101
    6   30    6   30  -0.0327721
    6   30   12   26  -0.1228955
    6   30   14   20   0.0273101
    6   31    5   32  -0.1638606
    6   32    6   32  -0.1638606
    6   33    5   34  -0.0546202
    6   33    7   32  -0.1638606
    6   33    8   31   0.0819303
    6   33   13   24  -0.1638606
    6   33   14   23   0.0819303
    6   34    6   34  -0.0546202
    6   34    8   32  -0.0819303
    6   34   14   24  -0.0819303
    6   35    5   36  -0.0546202
    6   35    9   32  -0.1638606
    6   35   10   31   0.0819303
    6   35   13   26  -0.1638606
    6   35   14   25   0.0819303
    6   36    6   36  -0.0546202
    6   36   10   32  -0.0819303
    6   36   14   26  -0.0819303
    6   37    1   14  -0.0819303
    6   37    2   13   0.1638606
    6   37    5   38  -0.0327721
    6   37    7   36  -0.0546202
    6   37    8   35   0.0819303
    6   37    9   34  -0.0546202
    6   37   10   33   0.0819303
    6   37   11   32  -0.1638606
    6   37   12   31   0.0409652
    6   38    2   14   0.0819303
    6   38    6   38  -0.0327721
    6   38    8   36   0.0273101
    6   38   10   34   0.0273101
    6   38   12   32  -0.1228955
    7    8   17   34   0.1638606
    7    8   18   33  -0.1638606
    7    8   23   28   0.1638606
    7    8   24   27  -0.1638606
    7    9    7    9  -0.0409652
    7    9   17   35   0.1310885
    7    9   19   33  -0.1310885
    7    9   23   29   0.1310885
    7    9   25   27  -0.1310885
    7   10    1    2   0.1638606
    7   10    3   14   0.0819303
    7   10    4   13  -0.0819303
    7   10    5   12   0.0819303
    7   10    6   11  -0.0819303
    7   10    8    9  -0.0409652
    7   10   15   38   0.0546202
    7   10   16   37  -0.0546202
    7   10   17   36   0.1638606
    7   10   18   35  -0.0327721
    7   10   19   34   0.0327721
    7   10   20   33  -0.1638606
    7   10   21   32   0.0546202
    7   10   22   31  -0.0546202
    7   10   23   30   0.1638606
    7   10   24   29  -0.0327721
    7   10   25   28   0.0327721
    7   10   26   27  -0.1638606
    7   11    7   11  -0.0819303
    7   11   17   37   0.1092404
    7   11   21   33  -0.1092404
    7   12    1   28   0.1638606
    7   12    2   27  -0.1638606
    7   12    8   11  -0.0819303
    7   12   17   38   0.1638606
    7   12   18   37  -0.0546202
    7   12   21   34   0.0546202
    7   12   22   33  -0.1638606
    7   13    7   13  -0.0819303
    7   13   23   37   0.1092404
    7   13   27   31   0.1092404
    7   14    1   34   0.1638606
    7   14    2   33  -0.1638606
    7   14    8   13  -0.0819303
    7   14   23   38   0.1638606
    7   14   24   37  -0.0546202
    7   14   27   32   0.1638606
    7   14   28   31  -0.0546202
    7   15    3   23  -0.0819303
    7   15    5   17  -0.0819303
    7   15    7   15  -0.0546202
    7   16    3   24   0.0819303
    7   16    4   23  -0.1638606
    7   16    5   18   0.0819303
    7   16    6   17  -0.1638606
    7   16    8   15  -0.0546202
    7   17    7   17  -0.1638606
    7   18    8   17  -0.1638606
    7   19    1    3   0.0819303
    7   19    5   21   0.0273101
    7   19    7   19  -0.0327721
    7   19    9   17  -0.1228955
    7   19   11   15   0.0273101
    7   20    1    4   0.1638606
    7   20    2    3  -0.0819303
    7   20    5   22   0.0819303
    7   20    6   21  -0.0546202
    7   20    8   19  -0.0327721
    7   20    9   18   0.0409652
    7   20   10   17  -0.1638606
    7   20   11   16   0.0819303
    7   20   12   15  -0.0546202
    7   21    3   27  -0.0819303
    7   21    7   21  -0.0546202
    7   21   11   17  -0.0819303
    7   22    3   28   0.0819303
    7   22    4   27  -0.1638606
    7   22    8   21  -0.0546202
    7   22   11   18   0.0819303
    7   22   12   17  -0.1638606
    7   23    7   23  -0.1638606
    7   24    8   23  -0.1638606
    7   25    1    5   0.0819303
    7   25    3   31   0.0273101
    7   25    7   25  -0.0327721
    7   25    9   23  -0.1228955
    7   25   13   15   0.0273101
    7   26    1    6   0.1638606
    7   26    2    5  -0.0819303
    7   26    3   32   0.0819303
    7   26    4   31  -0.0546202
    7   26    8   25  -0.0327721
    7   26    9   24   0.0409652
    7   26   10   23  -0.1638606
    7   26   13   16   0.0819303
    7   26   14   15  -0.0546202
    7   27    7   27  -0.1638606
    7   28    8   27  -0.1638606
    7   29    1   11   0.0819303
    7   29    3   37   0.0273101
    7   29    7   29  -0.0327721
    7   29    9   27  -0.1228955
    7   29   13   21   0.0273101
    7   30    1   12   0.1638606
    7   30    2   11  -0.0819303
    7   30    3   38   0.0819303
    7   30    4   37  -0.0546202
    7   30    8   29  -0.0327721
    7   30    9   28   0.0409652
    7   30   10   27  -0.1638606
    7   30   13   22   0.0819303
    7   30   14   21  -0.0546202
    7   31    5   33  -0.0819303
    7   31    7   31  -0.0546202
    7   31   13   23  -0.0819303
    7   32    5   34   0.0819303
    7   32    6   33  -0.1638606
    7   32    8   31  -0.0546202
    7   32   13   24   0.0819303
    7   32   14   23  -0.1638606
    7   33    7   33  -0.1638606
    7   34    8   33  -0.1638606
    7   35    1   13   0.0819303
    7   35    5   37   0.0273101
    7   35    7   35  -0.0327721
    7   35    9   33  -0.1228955
    7   35   11   31   0.0273101
    7   36    1   14   0.1638606
    7   36    2   13  -0.0819303
    7   36    5   38   0.0819303
    7   36    6   37  -0.0546202
    7   36    8   35  -0.0327721
    7   36    9   34   0.0409652
    7   36   10   33  -0.1638606
    7   36   11   32   0.0819303
    7   36   12   31  -0.0546202
    7   37    7   37  -0.0546202
    7   37   11   33  -0.0819303
    7   37   13   27  -0.0819303
    7   38    8   37  -0.0546202
    7   38   11   34   0.0819303
    7   38   12   33  -0.1638606
    7   38   13   28   0.0819303
    7   38   14   27  -0.1638606
    8    9    1    2  -0.1638606
    8    9    3   14  -0.0819303
    8    9    4   13   0.0819303
    8    9    5   12  -0.0819303
    8    9    6   11   0.0819303
    8    9    7   10  -0.0409652
    8    9   15   38  -0.0546202
    8    9   16   37   0.0546202
    8    9   17   36  -0.0327721
    8    9   18   35   0.1638606
    8    9   19   34  -0.1638606
    8    9   20   33   0.0327721
    8    9   21   32  -0.0546202
    8    9   22   31   0.0546202
    8    9   23   30  -0.0327721
    8    9   24   29   0.1638606
    8    9   25   28  -0.1638606
    8    9   26   27   0.0327721
    8   10    8   10  -0.0409652
    8   10   18   36   0.1310885
    8   10   20   34  -0.1310885
    8   10   24   30   0.1310885
    8   10   26   28  -0.1310885
    8   11    1   28  -0.1638606
    8   11    2   27   0.1638606
    8   11    7   12  -0.0819303
    8   11   17   38  -0.0546202
    8   11   18   37   0.1638606
    8   11   21   34  -0.1638606
    8   11   22   33   0.0546202
    8   12    8   12  -0.0819303
    8   12   18   38   0.1092404
    8   12   22   34  -0.1092404
    8   13    1   34  -0.1638606
    8   13    2   33   0.1638606
    8   13    7   14  -0.0819303
    8   13   23   38  -0.0546202
    8   13   24   37   0.1638606
    8   13   27   32  -0.0546202
    8   13   28   31   0.1638606
    8   14    8   14  -0.0819303
    8   14   24   38   0.1092404
    8   14   28   32   0.1092404
    8   15    3   24  -0.1638606
    8   15    4   23   0.0819303
    8   15    5   18  -0.1638606
    8   15    6   17   0.0819303
    8   15    7   16  -0.0546202
    8   16    4   24  -0.0819303
    8   16    6   18  -0.0819303
    8   16    8   16  -0.0546202
    8   17    7   18  -0.1638606
    8   18    8   18  -0.1638606
    8   19    1    4  -0.0819303
    8   19    2    3   0.1638606
    8   19    5   22  -0.0546202
    8   19    6   21   0.0819303
    8   19    7   20  -0.0327721
    8   19    9   18  -0.1638606
    8   19   10   17   0.0409652
    8   19   11   16  -0.0546202
    8   19   12   15   0.0819303
    8   20    2    4   0.0819303
    8   20    6   22   0.0273101
    8   20    8   20  -0.0327721
    8   20   10   18  -0.1228955
    8   20   12   16   0.0273101
    8   21    3   28  -0.1638606
    8   21    4   27   0.0819303
    8   21    7   22  -0.0546202
    8   21   11   18  -0.1638606
    8   21   12   17   0.0819303
    8   22    4   28  -0.0819303
    8   22    8   22  -0.0546202
    8   22   12   18  -0.0819303
    8   23    7   24  -0.1638606
    8   24    8   24  -0.1638606
    8   25    1    6  -0.0819303
    8   25    2    5   0.1638606
    8   25    3   32  -0.0546202
    8   25    4   31   0.0819303
    8   25    7   26  -0.0327721
    8   25    9   24  -0.1638606
    8   25   10   23   0.0409652
    8   25   13   16  -0.0546202
    8   25   14   15   0.0819303
    8   26    2    6   0.0819303
    8   26    4   32   0.0273101
    8   26    8   26  -0.0327721
    8   26   10   24  -0.1228955
    8   26   14   16   0.0273101
    8   27    7   28  -0.1638606
    8   28    8   28  -0.1638606
    8   29    1   12  -0.0819303
    8   29    2   11   0.1638606
    8   29    3   38  -0.0546202
    8   29    4   37   0.0819303
    8   29    7   30  -0.0327721
    8   29    9   28  -0.1638606
    8   29   10   27   0.0409652
    8   29   13   22  -0.0546202
    8   29   14   21   0.0819303
    8   30    2   12   0.0819303
    8   30    4   38   0.0273101
    8   30    8   30  -0.0327721
    8   30   10   28  -0.1228955
    8   30   14   22   0.0273101
    8   31    5   34  -0.1638606
    8   31    6   33   0.0819303
    8   31    7   32  -0.0546202
    8   31   13   24  -0.1638606
    8   31   14   23   0.0819303
    8   32    6   34  -0.0819303
    8   32    8   32  -0.0546202
    8   32   14   24  -0.0819303
    8   33    7   34  -0.1638606
    8   34    8   34  -0.1638606
    8   35    1   14  -0.0819303
    8   35    2   13   0.1638606
    8   35    5   38  -0.0546202
    8   35    6   37   0.0819303
    8   35    7   36  -0.0327721
    8   35    9   34  -0.1638606
    8   35   10   33   0.0409652
    8   35   11   32  -0.0546202
    8   35   12   31   0.0819303
    8   36    2   14   0.0819303
    8   36    6   38   0.0273101
    8   36    8   36  -0.0327721
    8   36   10   34  -0.1228955
    8   36   12   32   0.0273101
    8   37    7   38  -0.0546202
    8   37   11   34  -0.1638606
    8   37   12   33   0.0819303
    8   37   13   28  -0.1638606
    8   37   14   27   0.0819303
    8   38    8   38  -0.0546202
    8   38   12   34  -0.0819303
    8   38   14   28  -0.0819303
    9   10   19   36   0.1638606
    9   10   20   35  -0.1638606
    9   10   25   30   0.1638606
    9   10   26   29  -0.1638606
    9   11    9   11  -0.0819303
    9   11   19   37   0.1092404
    9   11   21   35  -0.1092404
    9   12    1   30   0.1638606
    9   12    2   29  -0.1638606
    9   12   10   11  -0.0819303
    9   12   19   38   0.1638606
    9   12   20   37  -0.0546202
    9   12   21   36   0.0546202
    9   12   22   35  -0.1638606
    9   13    9   13  -0.0819303
    9   13   25   37   0.1092404
    9   13   29   31   0.1092404
    9   14    1   36   0.1638606
    9   14    2   35  -0.1638606
    9   14   10   13  -0.0819303
    9   14   25   38   0.1638606
    9   14   26   37  -0.0546202
    9   14   29   32   0.1638606
    9   14   30   31  -0.0546202
    9   15    3   25  -0.0819303
    9   15    5   19  -0.0819303
    9   15    9   15  -0.0546202
    9   16    3   26   0.0819303
    9   16    4   25  -0.1638606
    9   16    5   20   0.0819303
    9   16    6   19  -0.1638606
    9   16   10   15  -0.0546202
    9   17    1    3   0.0819303
    9   17    5   21   0.0273101
    9   17    7   19  -0.1228955
    9   17    9   17  -0.0327721
    9   17   11   15   0.0273101
    9   18    1    4   0.1638606
    9   18    2    3  -0.0819303
    9   18    5   22   0.0819303
    9   18    6   21  -0.0546202
    9   18    7   20   0.0409652
    9   18    8   19  -0.1638606
    9   18   10   17  -0.0327721
    9   18   11   16   0.0819303
    9   18   12   15  -0.0546202
    9   19    9   19  -0.1638606
    9   20   10   19  -0.1638606
    9   21    3   29  -0.0819303
    9   21    9   21  -0.0546202
    9   21   11   19  -0.0819303
    9   22    3   30   0.0819303
    9   22    4   29  -0.1638606
    9   22   10   21  -0.0546202
    9   22   11   20   0.0819303
    9   22   12   19  -0.1638606
    9   23    1    5   0.0819303
    9   23    3   31   0.0273101
    9   23    7   25  -0.1228955
    9   23    9   23  -0.0327721
    9   23   13   15   0.0273101
    9   24    1    6   0.1638606
    9   24    2    5  -0.0819303
    9   24    3   32   0.0819303
    9   24    4   31  -0.0546202
    9   24    7   26   0.0409652
    9   24    8   25  -0.1638606
    9   24   10   23  -0.0327721
    9   24   13   16   0.0819303
    9   24   14   15  -0.0546202
    9   25    9   25  -0.1638606
    9   26   10   25  -0.1638606
    9   27    1   11   0.0819303
    9   27    3   37   0.0273101
    9   27    7   29  -0.1228955
    9   27    9   27  -0.0327721
    9   27   13   21   0.0273101
    9   28    1   12   0.1638606
    9   28    2   11  -0.0819303
    9   28    3   38   0.0819303
    9   28    4   37  -0.0546202
    9   28    7   30   0.0409652
    9   28    8   29  -0.1638606
    9   28   10   27  -0.0327721
    9   28   13   22   0.0819303
    9   28   14   21  -0.0546202
    9   29    9   29  -0.1638606
    9   30   10   29  -0.1638606
    9   31    5   35  -0.0819303
    9   31    9   31  -0.0546202
    9   31   13   25  -0.0819303
    9   32    5   36   0.0819303
    9   32    6   35  -0.1638606
    9   32   10   31  -0.0546202
    9   32   13   26   0.0819303
    9   32   14   25  -0.1638606
    9   33    1   13   0.0819303
    9   33    5   37   0.0273101
    9   33    7   35  -0.1228955
    9   33    9   33  -0.0327721
    9   33   11   31   0.0273101
    9   34    1   14   0.1638606
    9   34    2   13  -0.0819303
    9   34    5   38   0.0819303
    9   34    6   37  -0.0546202
    9   34    7   36   0.0409652
    9   34    8   35  -0.1638606
    9   34   10   33  -0.0327721
    9   34   11   32   0.0819303
    9   34   12   31  -0.0546202
    9   35    9   35  -0.1638606
    9   36   10   35  -0.1638606
    9   37    9   37  -0.0546202
    9   37   11   35  -0.0819303
    9   37   13   29  -0.0819303
    9   38   10   37  -0.0546202
    9   38   11   36   0.0819303
    9   38   12   35  -0.1638606
    9   38   13   30   0.0819303
    9   38   14   29  -0.1638606
   10   11    1   30  -0.1638606
   10   11    2   29   0.1638606
   10   11    9   12  -0.0819303
   10   11   19   38  -0.0546202
   10   11   20   37   0.1638606
   10   11   21   36  -0.1638606
   10   11   22   35   0.0546202
   10   12   10   12  -0.0819303
   10   12   20   38   0.1092404
   10   12   22   36  -0.1092404
   10   13    1   36  -0.1638606
   10   13    2   35   0.1638606
   10   13    9   14  -0.0819303
   10   13   25   38  -0.0546202
   10   13   26   37   0.1638606
   10   13   29   32  -0.0546202
   10   13   30   31   0.1638606
   10   14   10   14  -0.0819303
   10   14   26   38   0.1092404
   10   14   30   32   0.1092404
   10   15    3   26  -0.1638606
   10   15    4   25   0.0819303
   10   15    5   20  -0.1638606
   10   15    6   19   0.0819303
   10   15    9   16  -0.0546202
   10   16    4   26  -0.0819303
   10   16    6   20  -0.0819303
   10   16   10   16  -0.0546202
   10   17    1    4  -0.0819303
   10   17    2    3   0.1638606
   10   17    5   22  -0.0546202
   10   17    6   21   0.0819303
   10   17    7   20  -0.1638606
   10   17    8   19   0.0409652
   10   17    9   18  -0.0327721
   10   17   11   16  -0.0546202
   10   17   12   15   0.0819303
   10   18    2    4   0.0819303
   10   18    6   22   0.0273101
   10   18    8   20  -0.1228955
   10   18   10   18  -0.0327721
   10   18   12   16   0.0273101
   10   19    9   20  -0.1638606
   10   20   10   20  -0.1638606
   10   21    3   30  -0.1638606
   10   21    4   29   0.0819303
   10   21    9   22  -0.0546202
   10   21   11   20  -0.1638606
   10   21   12   19   0.0819303
   10   22    4   30  -0.0819303
   10   22   10   22  -0.0546202
   10   22   12   20  -0.0819303
   10   23    1    6  -0.0819303
   10   23    2    5   0.1638606
   10   23    3   32  -0.0546202
   10   23    4   31   0.0819303
   10   23    7   26  -0.1638606
   10   23    8   25   0.0409652
   10   23    9   24  -0.0327721
   10   23   13   16  -0.0546202
   10   23   14   15   0.0819303
   10   24    2    6   0.0819303
   10   24    4   32   0.0273101
   10   24    8   26  -0.1228955
   10   24   10   24  -0.0327721
   10   24   14   16   0.0273101
   10   25    9   26  -0.1638606
   10   26   10   26  -0.1638606
   10   27    1   12  -0.0819303
   10   27    2   11   0.1638606
   10   27    3   38  -0.0546202
   10   27    4   37   0.0819303
   10   27    7   30  -0.1638606
   10   27    8   29   0.0409652
   10   27    9   28  -0.0327721
   10   27   13   22  -0.0546202
   10   27   14   21   0.0819303
   10   28    2   12   0.0819303
   10   28    4   38   0.0273101
   10   28    8   30  -0.1228955
   10   28   10   28  -0.0327721
   10   28   14   22   0.0273101
   10   29    9   30  -0.1638606
   10   30   10   30  -0.1638606
   10   31    5   36  -0.1638606
   10   31    6   35   0.0819303
   10   31    9   32  -0.0546202
   10   31   13   26  -0.1638606
   10   31   14   25   0.0819303
   10   32    6   36  -0.0819303
   10   32   10   32  -0.0546202
   10   32   14   26  -0.0819303
   10   33    1   14  -0.0819303
   10   33    2   13   0.1638606
   10   33    5   38  -0.0546202
   10   33    6   37   0.0819303
   10   33    7   36  -0.1638606
   10   33    8   35   0.0409652
   10   33    9   34  -0.0327721
   10   33   11   32  -0.0546202
   10   33   12   31   0.0819303
   10   34    2   14   0.0819303
   10   34    6   38   0.0273101
   10   34    8   36  -0.1228955
   10   34   10   34  -0.0327721
   10   34   12   32   0.0273101
   10   35    9   36  -0.1638606
   10   36   10   36  -0.1638606
   10   37    9   38  -0.0546202
   10   37   11   36  -0.1638606
   10   37   12   35   0.0819303
   10   37   13   30  -0.1638606
   10   37   14   29   0.0819303
   10   38   10   38  -0.0546202
   10   38   12   36  -0.0819303
   10   38   14   30  -0.0819303
   11   12   21   38   0.1638606
   11   12   22   37  -0.1638606
   11   12   27   30   0.1638606
   11   12   28   29  -0.1638606
   11   13   11   13  -0.0819303
   11   13   27   35   0.1092404
   11   13   29   33   0.1092404
   11   14    1   38   0.1638606
   11   14    2   37  -0.1638606
   11   14   12   13  -0.0819303
   11   14   27   36   0.1638606
   11   14   28   35  -0.0546202
   11   14   29   34   0.1638606
   11   14   30   33  -0.0546202
   11   15    1    3   0.0819303
   11   15    5   21  -0.1228955
   11   15    7   19   0.0273101
   11   15    9   17   0.0273101
   11   15   11   15  -0.0327721
   11   16    1    4   0.1638606
   11   16    2    3  -0.0819303
   11   16    5   22   0.0409652
   11   16    6   21  -0.1638606
   11   16    7   20   0.0819303
   11   16    8   19  -0.0546202
   11   16    9   18   0.0819303
   11   16   10   17  -0.0546202
   11   16   12   15  -0.0327721
   11   17    3   27  -0.0819303
   11   17    7   21  -0.0819303
   11   17   11   17  -0.0546202
   11   18    3   28   0.0819303
   11   18    4   27  -0.1638606
   11   18    7   22   0.0819303
   11   18    8   21  -0.1638606
   11   18   12   17  -0.0546202
   11   19    3   29  -0.0819303
   11   19    9   21  -0.0819303
   11   19   11   19  -0.0546202
   11   20    3   30   0.0819303
   11   20    4   29  -0.1638606
   11   20    9   22   0.0819303
   11   20   10   21  -0.1638606
   11   20   12   19  -0.0546202
   11   21   11   21  -0.1638606
   11   22   12   21  -0.1638606
   11   23    1    7   0.0819303
   11   23    3   33   0.0273101
   11   23    5   27  -0.1228955
   11   23   11   23  -0.0327721
   11   23   13   17   0.0273101
   11   24    1    8   0.1638606
   11   24    2    7  -0.0819303
   11   24    3   34   0.0819303
   11   24    4   33  -0.0546202
   11   24    5   28   0.0409652
   11   24    6   27  -0.1638606
   11   24   12   23  -0.0327721
   11   24   13   18   0.0819303
   11   24   14   17  -0.0546202
   11   25    1    9   0.0819303
   11   25    3   35   0.0273101
   11   25    5   29  -0.1228955
   11   25   11   25  -0.0327721
   11   25   13   19   0.0273101
   11   26    1   10   0.1638606
   11   26    2    9  -0.0819303
   11   26    3   36   0.0819303
   11   26    4   35  -0.0546202
   11   26    5   30   0.0409652
   11   26    6   29  -0.1638606
   11   26   12   25  -0.0327721
   11   26   13   20   0.0819303
   11   26   14   19  -0.0546202
   11   27   11   27  -0.1638606
   11   28   12   27  -0.1638606
   11   29   11   29  -0.1638606
   11   30   12   29  -0.1638606
   11   31    1   13   0.0819303
   11   31    5   37  -0.1228955
   11   31    7   35   0.0273101
   11   31    9   33   0.0273101
   11   31   11   31  -0.0327721
   11   32    1   14   0.1638606
   11   32    2   13  -0.0819303
   11   32    5   38   0.0409652
   11   32    6   37  -0.1638606
   11   32    7   36   0.0819303
   11   32    8   35  -0.0546202
   11   32    9   34   0.0819303
   11   32   10   33  -0.0546202
   11   32   12   31  -0.0327721
   11   33    7   37  -0.0819303
   11   33   11   33  -0.0546202
   11   33   13   27  -0.0819303
   11   34    7   38   0.0819303
   11   34    8   37  -0.1638606
   11   34   12   33  -0.0546202
   11   34   13   28   0.0819303
   11   34   14   27  -0.1638606
   11   35    9   37  -0.0819303
   11   35   11   35  -0.0546202
   11   35   13   29  -0.0819303
   11   36    9   38   0.0819303
   11   36   10   37  -0.1638606
   11   36   12   35  -0.0546202
   11   36   13   30   0.0819303
   11   36   14   29  -0.1638606
   11   37   11   37  -0.1638606
   11   38   12   37  -0.1638606
   12   13    1   38  -0.1638606
   12   13    2   37   0.1638606
   12   13   11   14  -0.0819303
   12   13   27   36  -0.0546202
   12   13   28   35   0.1638606
   12   13   29   34  -0.0546202
   12   13   30   33   0.1638606
   12   14   12   14  -0.0819303
   12   14   28   36   0.1092404
   12   14   30   34   0.1092404
   12   15    1    4  -0.0819303
   12   15    2    3   0.1638606
   12   15    5   22  -0.1638606
   12   15    6   21   0.0409652
   12   15    7   20  -0.0546202
   12   15    8   19   0.0819303
   12   15    9   18  -0.0546202
   12   15   10   17   0.0819303
   12   15   11   16  -0.0327721
   12   16    2    4   0.0819303
   12   16    6   22  -0.1228955
   12   16    8   20   0.0273101
   12   16   10   18   0.0273101
   12   16   12   16  -0.0327721
   12   17    3   28  -0.1638606
   12   17    4   27   0.0819303
   12   17    7   22  -0.1638606
   12   17    8   21   0.0819303
   12   17   11   18  -0.0546202
   12   18    4   28  -0.0819303
   12   18    8   22  -0.0819303
   12   18   12   18  -0.0546202
   12   19    3   30  -0.1638606
   12   19    4   29   0.0819303
   12   19    9   22  -0.1638606
   12   19   10   21   0.0819303
   12   19   11   20  -0.0546202
   12   20    4   30  -0.0819303
   12   20   10   22  -0.0819303
   12   20   12   20  -0.0546202
   12   21   11   22  -0.1638606
   12   22   12   22  -0.1638606
   12   23    1    8  -0.0819303
   12   23    2    7   0.1638606
   12   23    3   34  -0.0546202
   12   23    4   33   0.0819303
   12   23    5   28  -0.1638606
   12   23    6   27   0.0409652
   12   23   11   24  -0.0327721
   12   23   13   18  -0.0546202
   12   23   14   17   0.0819303
   12   24    2    8   0.0819303
   12   24    4   34   0.0273101
   12   24    6   28  -0.1228955
   12   24   12   24  -0.0327721
   12   24   14   18   0.0273101
   12   25    1   10  -0.0819303
   12   25    2    9   0.1638606
   12   25    3   36  -0.0546202
   12   25    4   35   0.0819303
   12   25    5   30  -0.1638606
   12   25    6   29   0.0409652
   12   25   11   26  -0.0327721
   12   25   13   20  -0.0546202
   12   25   14   19   0.0819303
   12   26    2   10   0.0819303
   12   26    4   36   0.0273101
   12   26    6   30  -0.1228955
   12   26   12   26  -0.0327721
   12   26   14   20   0.0273101
   12   27   11   28  -0.1638606
   12   28   12   28  -0.1638606
   12   29   11   30  -0.1638606
   12   30   12   30  -0.1638606
   12   31    1   14  -0.0819303
   12   31    2   13   0.1638606
   12   31    5   38  -0.1638606
   12   31    6   37   0.0409652
   12   31    7   36  -0.0546202
   12   31    8   35   0.0819303
   12   31    9   34  -0.0546202
   12   31   10   33   0.0819303
   12   31   11   32  -0.0327721
   12   32    2   14   0.0819303
   12   32    6   38  -0.1228955
   12   32    8   36   0.0273101
   12   32   10   34   0.0273101
   12   32   12   32  -0.0327721
   12   33    7   38  -0.1638606
   12   33    8   37   0.0819303
   12   33   11   34  -0.0546202
   12   33   13   28  -0.1638606
   12   33   14   27   0.0819303
   12   34    8   38  -0.0819303
   12   34   12   34  -0.0546202
   12   34   14   28  -0.0819303
   12   35    9   38  -0.1638606
   12   35   10   37   0.0819303
   12   35   11   36  -0.0546202
   12   35   13   30  -0.1638606
   12   35   14   29   0.0819303
   12   36   10   38  -0.0819303
   12   36   12   36  -0.0546202
   12   36   14   30  -0.0819303
   12   37   11   38  -0.1638606
   12   38   12   38  -0.1638606
   13   14   31   38   0.1638606
   13   14   32   37  -0.1638606
   13   14   33   36   0.1638606
   13   14   34   35  -0.1638606
   13   15    1    5   0.0819303
   13   15    3   31  -0.1228955
   13   15    7   25   0.0273101
   13   15    9   23   0.0273101
   13   15   13   15  -0.0327721
   13   16    1    6   0.1638606
   13   16    2    5  -0.0819303
   13   16    3   32   0.0409652
   13   16    4   31  -0.1638606
   13   16    7   26   0.0819303
   13   16    8   25  -0.0546202
   13   16    9   24   0.0819303
   13   16   10   23  -0.0546202
   13   16   14   15  -0.0327721
   13   17    1    7   0.0819303
   13   17    3   33  -0.1228955
   13   17    5   27   0.0273101
   13   17   11   23   0.0273101
   13   17   13   17  -0.0327721
   13   18    1    8   0.1638606
   13   18    2    7  -0.0819303
   13   18    3   34   0.0409652
   13   18    4   33  -0.1638606
   13   18    5   28   0.0819303
   13   18    6   27  -0.0546202
   13   18   11   24   0.0819303
   13   18   12   23  -0.0546202
   13   18   14   17  -0.0327721
   13   19    1    9   0.0819303
   13   19    3   35  -0.1228955
   13   19    5   29   0.0273101
   13   19   11   25   0.0273101
   13   19   13   19  -0.0327721
   13   20    1   10   0.1638606
   13   20    2    9  -0.0819303
   13   20    3   36   0.0409652
   13   20    4   35  -0.1638606
   13   20    5   30   0.0819303
   13   20    6   29  -0.0546202
   13   20   11   26   0.0819303
   13   20   12   25  -0.0546202
   13   20   14   19  -0.0327721
   13   21    1   11   0.0819303
   13   21    3   37  -0.1228955
   13   21    7   29   0.0273101
   13   21    9   27   0.0273101
   13   21   13   21  -0.0327721
   13   22    1   12   0.1638606
   13   22    2   11  -0.0819303
   13   22    3   38   0.0409652
   13   22    4   37  -0.1638606
   13   22    7   30   0.0819303
   13   22    8   29  -0.0546202
   13   22    9   28   0.0819303
   13   22   10   27  -0.0546202
   13   22   14   21  -0.0327721
   13   23    5   33  -0.0819303
   13   23    7   31  -0.0819303
   13   23   13   23  -0.0546202
   13   24    5   34   0.0819303
   13   24    6   33  -0.1638606
   13   24    7   32   0.0819303
   13   24    8   31  -0.1638606
   13   24   14   23  -0.0546202
   13   25    5   35  -0.0819303
   13   25    9   31  -0.0819303
   13   25   13   25  -0.0546202
   13   26    5   36   0.0819303
   13   26    6   35  -0.1638606
   13   26    9   32   0.0819303
   13   26   10   31  -0.1638606
   13   26   14   25  -0.0546202
   13   27    7   37  -0.0819303
   13   27   11   33  -0.0819303
   13   27   13   27  -0.0546202
   13   28    7   38   0.0819303
   13   28    8   37  -0.1638606
   13   28   11   34   0.0819303
   13   28   12   33  -0.1638606
   13   28   14   27  -0.0546202
   13   29    9   37  -0.0819303
   13   29   11   35  -0.0819303
   13   29   13   29  -0.0546202
   13   30    9   38   0.0819303
   13   30   10   37  -0.1638606
   13   30   11   36   0.0819303
   13   30   12   35  -0.1638606
   13   30   14   29  -0.0546202
   13   31   13   31  -0.1638606
   13   32   14   31  -0.1638606
   13   33   13   33  -0.1638606
   13   34   14   33  -0.1638606
   13   35   13   35  -0.1638606
   13   36   14   35  -0.1638606
   13   37   13   37  -0.1638606
   13   38   14   37  -0.1638606
   14   15    1    6  -0.0819303
   14   15    2    5   0.1638606
   14   15    3   32  -0.1638606
   14   15    4   31   0.0409652
   14   15    7   26  -0.0546202
   14   15    8   25   0.0819303
   14   15    9   24  -0.0546202
   14   15   10   23   0.0819303
   14   15   13   16  -0.0327721
   14   16    2    6   0.0819303
   14   16    4   32  -0.1228955
   14   16    8   26   0.0273101
   14   16   10   24   0.0273101
   14   16   14   16  -0.0327721
   14   17    1    8  -0.0819303
   14   17    2    7   0.1638606
   14   17    3   34  -0.1638606
   14   17    4   33   0.0409652
   14   17    5   28  -0.0546202
   14   17    6   27   0.0819303
   14   17   11   24  -0.0546202
   14   17   12   23   0.0819303
   14   17   13   18  -0.0327721
   14   18    2    8   0.0819303
   14   18    4   34  -0.1228955
   14   18    6   28   0.0273101
   14   18   12   24   0.0273101
   14   18   14   18  -0.0327721
   14   19    1   10  -0.0819303
   14   19    2    9   0.1638606
   14   19    3   36  -0.1638606
   14   19    4   35   0.0409652
   14   19    5   30  -0.0546202
   14   19    6   29   0.0819303
   14   19   11   26  -0.0546202
   14   19   12   25   0.0819303
   14   19   13   20  -0.0327721
   14   20    2   10   0.0819303
   14   20    4   36  -0.1228955
   14   20    6   30   0.0273101
   14   20   12   26   0.0273101
   14   20   14   20  -0.0327721
   14   21    1   12  -0.0819303
   14   21    2   11   0.1638606
   14   21    3   38  -0.1638606
   14   21    4   37   0.0409652
   14   21    7   30  -0.0546202
   14   21    8   29   0.0819303
   14   21    9   28  -0.0546202
   14   21   10   27   0.0819303
   14   21   13   22  -0.0327721
   14   22    2   12   0.0819303
   14   22    4   38  -0.1228955
   14   22    8   30   0.0273101
   14   22   10   28   0.0273101
   14   22   14   22  -0.0327721
   14   23    5   34  -0.1638606
   14   23    6   33   0.0819303
   14   23    7   32  -0.1638606
   14   23    8   31   0.0819303
   14   23   13   24  -0.0546202
   14   24    6   34  -0.0819303
   14   24    8   32  -0.0819303
   14   24   14   24  -0.0546202
   14   25    5   36  -0.1638606
   14   25    6   35   0.0819303
   14   25    9   32  -0.1638606
   14   25   10   31   0.0819303
   14   25   13   26  -0.0546202
   14   26    6   36  -0.0819303
   14   26   10   32  -0.0819303
   14   26   14   26  -0.0546202
   14   27    7   38  -0.1638606
   14   27    8   37   0.0819303
   14   27   11   34  -0.1638606
   14   27   12   33   0.0819303
   14   27   13   28  -0.0546202
   14   28    8   38  -0.0819303
   14   28   12   34  -0.0819303
   14   28   14   28  -0.0546202
   14   29    9   38  -0.1638606
   14   29   10   37   0.0819303
   14   29   11   36  -0.1638606
   14   29   12   35   0.0819303
   14   29   13   30  -0.0546202
   14   30   10   38  -0.0819303
   14   30   12   36  -0.0819303
   14   30   14   30  -0.0546202
   14   31   13   32  -0.1638606
   14   32   14   32  -0.1638606
   14   33   13   34  -0.1638606
   14   34   14   34  -0.1638606
   14   35   13   36  -0.1638606
   14   36   14   36  -0.1638606
   14   37   13   38  -0.1638606
   14   38   14   38  -0.1638606
   15   17   15   17  -0.0819303
   15   18   16   17  -0.0819303
   15   19   15   19  -0.0819303
   15   20   16   19  -0.0819303
   15   21   15   21  -0.0409652
   15   22    3    4   0.1638606
   15   22   16   21  -0.0409652
   15   22   17   20   0.0819303
   15   22   18   19  -0.0819303
   15   23   15   23  -0.0819303
   15   24   16   23  -0.0819303
   15   25   15   25  -0.0819303
   15   26   16   25  -0.0819303
   15   27    3    7   0.1092404
   15   27   15   27  -0.0273101
   15   27   21   23  -0.0409652
   15   28    1   18   0.0819303
   15   28    2   17  -0.0819303
   15   28    3    8   0.1638606
   15   28    4    7  -0.0546202
   15   28   16   27  -0.0273101
   15   28   21   24   0.0409652
   15   28   22   23  -0.0819303
   15   29    3    9   0.1092404
   15   29   15   29  -0.0273101
   15   29   21   25  -0.0409652
   15   30    1   20   0.0819303
   15   30    2   19  -0.0819303
   15   30    3   10   0.1638606
   15   30    4    9  -0.0546202
   15   30   16   29  -0.0273101
   15   30   21   26   0.0409652
   15   30   22   25  -0.0819303
   15   31   15   31  -0.0409652
   15   32    5    6   0.1638606
   15   32   16   31  -0.0409652
   15   32   23   26   0.0819303
   15   32   24   25  -0.0819303
   15   33    5    7   0.1092404
   15   33   15   33  -0.0273101
   15   33   17   31   0.0409652
   15   34    1   24   0.0819303
   15   34    2   23  -0.0819303
   15   34    5    8   0.1638606
   15   34    6    7  -0.0546202
   15   34   16   33  -0.0273101
   15   34   17   32   0.0819303
   15   34   18   31  -0.0409652
   15   35    5    9   0.1092404
   15   35   15   35  -0.0273101
   15   35   19   31   0.0409652
   15   36    1   26   0.0819303
   15   36    2   25  -0.0819303
   15   36    5   10   0.1638606
   15   36    6    9  -0.0546202
   15   36   16   35  -0.0273101
   15   36   19   32   0.0819303
   15   36   20   31  -0.0409652
   15   37    3   13   0.1310885
   15   37    5   11   0.1310885
   15   37   15   37  -0.0204826
   15   37   17   35   0.0546202
   15   37   19   33   0.0546202
   15   37   23   29   0.0546202
   15   37   25   27   0.0546202
   15   38    1    2   0.0819303
   15   38    3   14   0.1638606
   15   38    4   13  -0.0327721
   15   38    5   12   0.1638606
   15   38    6   11  -0.0327721
   15   38    7   10   0.0546202
   15   38    8    9  -0.0546202
   15   38   16   37  -0.0204826
   15   38   17   36   0.0819303
   15   38   18   35  -0.0273101
   15   38   19   34   0.0819303
   15   38   20   33  -0.0273101
   15   38   21   32   0.0409652
   15   38   22   31  -0.0409652
   15   38   23   30   0.0819303
   15   38   24   29  -0.0273101
   15   38   25   28   0.0819303
   15   38   26   27  -0.0273101
   16   17   15   18  -0.0819303
   16   18   16   18  -0.0819303
   16   19   15   20  -0.0819303
   16   20   16   20  -0.0819303
   16   21    3    4  -0.1638606
   16   21   15   22  -0.0409652
   16   21   17   20  -0.0819303
   16   21   18   19   0.0819303
   16   22   16   22  -0.0409652
   16   23   15   24  -0.0819303
   16   24   16   24  -0.0819303
   16   25   15   26  -0.0819303
   16   26   16   26  -0.0819303
   16   27    1   18  -0.0819303
   16   27    2   17   0.0819303
   16   27    3    8  -0.0546202
   16   27    4    7   0.1638606
   16   27   15   28  -0.0273101
   16   27   21   24  -0.0819303
   16   27   22   23   0.0409652
   16   28    4    8   0.1092404
   16   28   16   28  -0.0273101
   16   28   22   24  -0.0409652
   16   29    1   20  -0.0819303
   16   29    2   19   0.0819303
   16   29    3   10  -0.0546202
   16   29    4    9   0.1638606
   16   29   15   30  -0.0273101
   16   29   21   26  -0.0819303
   16   29   22   25   0.0409652
   16   30    4   10   0.1092404
   16   30   16   30  -0.0273101
   16   30   22   26  -0.0409652
   16   31    5    6  -0.1638606
   16   31   15   32  -0.0409652
   16   31   23   26  -0.0819303
   16   31   24   25   0.0819303
   16   32   16   32  -0.0409652
   16   33    1   24  -0.0819303
   16   33    2   23   0.0819303
   16   33    5    8  -0.0546202
   16   33    6    7   0.1638606
   16   33   15   34  -0.0273101
   16   33   17   32  -0.0409652
   16   33   18   31   0.0819303
   16   34    6    8   0.1092404
   16   34   16   34  -0.0273101
   16   34   18   32   0.0409652
   16   35    1   26  -0.0819303
   16   35    2   25   0.0819303
   16   35    5   10  -0.0546202
   16   35    6    9   0.1638606
   16   35   15   36  -0.0273101
   16   35   19   32  -0.0409652
   16   35   20   31   0.0819303
   16   36    6   10   0.1092404
   16   36   16   36  -0.0273101
   16   36   20   32   0.0409652
   16   37    1    2  -0.0819303
   16   37    3   14  -0.0327721
   16   37    4   13   0.1638606
   16   37    5   12  -0.0327721
   16   37    6   11   0.1638606
   16   37    7   10  -0.0546202
   16   37    8    9   0.0546202
   16   37   15   38  -0.0204826
   16   37   17   36  -0.0273101
   16   37   18   35   0.0819303
   16   37   19   34  -0.0273101
   16   37   20   33   0.0819303
   16   37   21   32  -0.0409652
   16   37   22   31   0.0409652
   16   37   23   30  -0.0273101
   16   37   24   29   0.0819303
   16   37   25   28  -0.0273101
   16   37   26   27   0.0819303
   16   38    4   14   0.1310885
   16   38    6   12   0.1310885
   16   38   16   38  -0.0204826
   16   38   18   36   0.0546202
   16   38   20   34   0.0546202
   16   38   24   30   0.0546202
   16   38   26   28   0.0546202
   17   19   17   19  -0.0409652
   17   20    3    4   0.1638606
   17   20   15   22   0.0819303
   17   20   16   21  -0.0819303
   17   20   18   19  -0.0409652
   17   21   17   21  -0.0819303
   17   22   18   21  -0.0819303
   17   23   17   23  -0.0819303
   17   24   18   23  -0.0819303
   17   25    3    5   0.1092404
   17   25   17   25  -0.0273101
   17   25   19   23  -0.0409652
   17   26    1   16   0.0819303
   17   26    2   15  -0.0819303
   17   26    3    6   0.1638606
   17   26    4    5  -0.0546202
   17   26   18   25  -0.0273101
   17   26   19   24   0.0409652
   17   26   20   23  -0.0819303
   17   27   17   27  -0.0819303
   17   28   18   27  -0.0819303
   17   29    3   11   0.1092404
   17   29   17   29  -0.0273101
   17   29   19   27  -0.0409652
   17   30    1   22   0.0819303
   17   30    2   21  -0.0819303
   17   30    3   12   0.1638606
   17   30    4   11  -0.0546202
   17   30   18   29  -0.0273101
   17   30   19   28   0.0409652
   17   30   20   27  -0.0819303
   17   31    5    7  -0.1092404
   17   31   15   33   0.0409652
   17   31   17   31  -0.0273101
   17   32    1   24   0.0819303
   17   32    2   23  -0.0819303
   17   32    5    8   0.0546202
   17   32    6    7  -0.1638606
   17   32   15   34   0.0819303
   17   32   16   33  -0.0409652
   17   32   18   31  -0.0273101
   17   33   17   33  -0.0409652
   17   34    7    8   0.1638606
   17   34   18   33  -0.0409652
   17   34   23   28   0.0819303
   17   34   24   27  -0.0819303
   17   35    3   13   0.1310885
   17   35    7    9   0.1310885
   17   35   15   37   0.0546202
   17   35   17   35  -0.0204826
   17   35   21   31   0.0546202
   17   35   23   29   0.0546202
   17   35   25   27  -0.0546202
   17   36    1    2   0.0819303
   17   36    3   14   0.1638606
   17   36    4   13  -0.0327721
   17   36    5   12   0.0546202
   17   36    6   11  -0.0546202
   17   36    7   10   0.1638606
   17   36    8    9  -0.0327721
   17   36   15   38   0.0819303
   17   36   16   37  -0.0273101
   17   36   18   35  -0.0204826
   17   36   19   34   0.0409652
   17   36   20   33  -0.0409652
   17   36   21   32   0.0819303
   17   36   22   31  -0.0273101
   17   36   23   30   0.0819303
   17   36   24   29  -0.0273101
   17   36   25   28   0.0273101
   17   36   26   27  -0.0819303
   17   37    7   11   0.1092404
   17   37   17   37  -0.0273101
   17   37   21   33   0.0409652
   17   38    1   28   0.0819303
   17   38    2   27  -0.0819303
   17   38    7   12   0.1638606
   17   38    8   11  -0.0546202
   17   38   18   37  -0.0273101
   17   38   21   34   0.0819303
   17   38   22   33  -0.0409652
   18   19    3    4  -0.1638606
   18   19   15   22  -0.0819303
   18   19   16   21   0.0819303
   18   19   17   20  -0.0409652
   18   20   18   20  -0.0409652
   18   21   17   22  -0.0819303
   18   22   18   22  -0.0819303
   18   23   17   24  -0.0819303
   18   24   18   24  -0.0819303
   18   25    1   16  -0.0819303
   18   25    2   15   0.0819303
   18   25    3    6  -0.0546202
   18   25    4    5   0.1638606
   18   25   17   26  -0.0273101
   18   25   19   24  -0.0819303
   18   25   20   23   0.0409652
   18   26    4    6   0.1092404
   18   26   18   26  -0.0273101
   18   26   20   24  -0.0409652
   18   27   17   28  -0.0819303
   18   28   18   28  -0.0819303
   18   29    1   22  -0.0819303
   18   29    2   21   0.0819303
   18   29    3   12  -0.0546202
   18   29    4   11   0.1638606
   18   29   17   30  -0.0273101
   18   29   19   28  -0.0819303
   18   29   20   27   0.0409652
   18   30    4   12   0.1092404
   18   30   18   30  -0.0273101
   18   30   20   28  -0.0409652
   18   31    1   24  -0.0819303
   18   31    2   23   0.0819303
   18   31    5    8  -0.1638606
   18   31    6    7   0.0546202
   18   31   15   34  -0.0409652
   18   31   16   33   0.0819303
   18   31   17   32  -0.0273101
   18   32    6    8  -0.1092404
   18   32   16   34   0.0409652
   18   32   18   32  -0.0273101
   18   33    7    8  -0.1638606
   18   33   17   34  -0.0409652
   18   33   23   28  -0.0819303
   18   33   24   27   0.0819303
   18   34   18   34  -0.0409652
   18   35    1    2  -0.0819303
   18   35    3   14  -0.0327721
   18   35    4   13   0.1638606
   18   35    5   12  -0.0546202
   18   35    6   11   0.0546202
   18   35    7   10  -0.0327721
   18   35    8    9   0.1638606
   18   35   15   38  -0.0273101
   18   35   16   37   0.0819303
   18   35   17   36  -0.0204826
   18   35   19   34  -0.0409652
   18   35   20   33   0.0409652
   18   35   21   32  -0.0273101
   18   35   22   31   0.0819303
   18   35   23   30  -0.0273101
   18   35   24   29   0.0819303
   18   35   25   28  -0.0819303
   18   35   26   27   0.0273101
   18   36    4   14   0.1310885
   18   36    8   10   0.1310885
   18   36   16   38   0.0546202
   18   36   18   36  -0.0204826
   18   36   22   32   0.0546202
   18   36   24   30   0.0546202
   18   36   26   28  -0.0546202
   18   37    1   28  -0.0819303
   18   37    2   27   0.0819303
   18   37    7   12  -0.0546202
   18   37    8   11   0.1638606
   18   37   17   38  -0.0273101
   18   37   21   34  -0.0409652
   18   37   22   33   0.0819303
   18   38    8   12   0.1092404
   18   38   18   38  -0.0273101
   18   38   22   34   0.0409652
   19   21   19   21  -0.0819303
   19   22   20   21  -0.0819303
   19   23    3    5   0.1092404
   19   23   17   25  -0.0409652
   19   23   19   23  -0.0273101
   19   24    1   16   0.0819303
   19   24    2   15  -0.0819303
   19   24    3    6   0.1638606
   19   24    4    5  -0.0546202
   19   24   17   26   0.0409652
   19   24   18   25  -0.0819303
   19   24   20   23  -0.0273101
   19   25   19   25  -0.0819303
   19   26   20   25  -0.0819303
   19   27    3   11   0.1092404
   19   27   17   29  -0.0409652
   19   27   19   27  -0.0273101
   19   28    1   22   0.0819303
   19   28    2   21  -0.0819303
   19   28    3   12   0.1638606
   19   28    4   11  -0.0546202
   19   28   17   30   0.0409652
   19   28   18   29  -0.0819303
   19   28   20   27  -0.0273101
   19   29   19   29  -0.0819303
   19   30   20   29  -0.0819303
   19   31    5    9  -0.1092404
   19   31   15   35   0.0409652
   19   31   19   31  -0.0273101
   19   32    1   26   0.0819303
   19   32    2   25  -0.0819303
   19   32    5   10   0.0546202
   19   32    6    9  -0.1638606
   19   32   15   36   0.0819303
   19   32   16   35  -0.0409652
   19   32   20   31  -0.0273101
   19   33    3   13   0.1310885
   19   33    7    9  -0.1310885
   19   33   15   37   0.0546202
   19   33   19   33  -0.0204826
   19   33   21   31   0.0546202
   19   33   23   29  -0.0546202
   19   33   25   27   0.0546202
   19   34    1    2   0.0819303
   19   34    3   14   0.1638606
   19   34    4   13  -0.0327721
   19   34    5   12   0.0546202
   19   34    6   11  -0.0546202
   19   34    7   10   0.0327721
   19   34    8    9  -0.1638606
   19   34   15   38   0.0819303
   19   34   16   37  -0.0273101
   19   34   17   36   0.0409652
   19   34   18   35  -0.0409652
   19   34   20   33  -0.0204826
   19   34   21   32   0.0819303
   19   34   22   31  -0.0273101
   19   34   23   30   0.0273101
   19   34   24   29  -0.0819303
   19   34   25   28   0.0819303
   19   34   26   27  -0.0273101
   19   35   19   35  -0.0409652
   19   36    9   10   0.1638606
   19   36   20   35  -0.0409652
   19   36   25   30   0.0819303
   19   36   26   29  -0.0819303
   19   37    9   11   0.1092404
   19   37   19   37  -0.0273101
   19   37   21   35   0.0409652
   19   38    1   30   0.0819303
   19   38    2   29  -0.0819303
   19   38    9   12   0.1638606
   19   38   10   11  -0.0546202
   19   38   20   37  -0.0273101
   19   38   21   36   0.0819303
   19   38   22   35  -0.0409652
   20   21   19   22  -0.0819303
   20   22   20   22  -0.0819303
   20   23    1   16  -0.0819303
   20   23    2   15   0.0819303
   20   23    3    6  -0.0546202
   20   23    4    5   0.1638606
   20   23   17   26  -0.0819303
   20   23   18   25   0.0409652
   20   23   19   24  -0.0273101
   20   24    4    6   0.1092404
   20   24   18   26  -0.0409652
   20   24   20   24  -0.0273101
   20   25   19   26  -0.0819303
   20   26   20   26  -0.0819303
   20   27    1   22  -0.0819303
   20   27    2   21   0.0819303
   20   27    3   12  -0.0546202
   20   27    4   11   0.1638606
   20   27   17   30  -0.0819303
   20   27   18   29   0.0409652
   20   27   19   28  -0.0273101
   20   28    4   12   0.1092404
   20   28   18   30  -0.0409652
   20   28   20   28  -0.0273101
   20   29   19   30  -0.0819303
   20   30   20   30  -0.0819303
   20   31    1   26  -0.0819303
   20   31    2   25   0.0819303
   20   31    5   10  -0.1638606
   20   31    6    9   0.0546202
   20   31   15   36  -0.0409652
   20   31   16   35   0.0819303
   20   31   19   32  -0.0273101
   20   32    6   10  -0.1092404
   20   32   16   36   0.0409652
   20   32   20   32  -0.0273101
   20   33    1    2  -0.0819303
   20   33    3   14  -0.0327721
   20   33    4   13   0.1638606
   20   33    5   12  -0.0546202
   20   33    6   11   0.0546202
   20   33    7   10  -0.1638606
   20   33    8    9   0.0327721
   20   33   15   38  -0.0273101
   20   33   16   37   0.0819303
   20   33   17   36  -0.0409652
   20   33   18   35   0.0409652
   20   33   19   34  -0.0204826
   20   33   21   32  -0.0273101
   20   33   22   31   0.0819303
   20   33   23   30  -0.0819303
   20   33   24   29   0.0273101
   20   33   25   28  -0.0273101
   20   33   26   27   0.0819303
   20   34    4   14   0.1310885
   20   34    8   10  -0.1310885
   20   34   16   38   0.0546202
   20   34   20   34  -0.0204826
   20   34   22   32   0.0546202
   20   34   24   30  -0.0546202
   20   34   26   28   0.0546202
   20   35    9   10  -0.1638606
   20   35   19   36  -0.0409652
   20   35   25   30  -0.0819303
   20   35   26   29   0.0819303
   20   36   20   36  -0.0409652
   20   37    1   30  -0.0819303
   20   37    2   29   0.0819303
   20   37    9   12  -0.0546202
   20   37   10   11   0.1638606
   20   37   19   38  -0.0273101
   20   37   21   36  -0.0409652
   20   37   22   35   0.0819303
   20   38   10   12   0.1092404
   20   38   20   38  -0.0273101
   20   38   22   36   0.0409652
   21   23    3    7   0.1092404
   21   23   15   27  -0.0409652
   21   23   21   23  -0.0273101
   21   24    1   18   0.0819303
   21   24    2   17  -0.0819303
   21   24    3    8   0.1638606
   21   24    4    7  -0.0546202
   21   24   15   28   0.0409652
   21   24   16   27  -0.0819303
   21   24   22   23  -0.0273101
   21   25    3    9   0.1092404
   21   25   15   29  -0.0409652
   21   25   21   25  -0.0273101
   21   26    1   20   0.0819303
   21   26    2   19  -0.0819303
   21   26    3   10   0.1638606
   21   26    4    9  -0.0546202
   21   26   15   30   0.0409652
   21   26   16   29  -0.0819303
   21   26   22   25  -0.0273101
   21   27   21   27  -0.0819303
   21   28   22   27  -0.0819303
   21   29   21   29  -0.0819303
   21   30   22   29  -0.0819303
   21   31    3   13   0.1310885
   21   31    5   11  -0.1310885
   21   31   17   35   0.0546202
   21   31   19   33   0.0546202
   21   31   21   31  -0.0204826
   21   31   23   29  -0.0546202
   21   31   25   27  -0.0546202
   21   32    1    2   0.0819303
   21   32    3   14   0.1638606
   21   32    4   13  -0.0327721
   21   32    5   12   0.0327721
   21   32    6   11  -0.1638606
   21   32    7   10   0.0546202
   21   32    8    9  -0.0546202
   21   32   15   38   0.0409652
   21   32   16   37  -0.0409652
   21   32   17   36   0.0819303
   21   32   18   35  -0.0273101
   21   32   19   34   0.0819303
   21   32   20   33  -0.0273101
   21   32   22   31  -0.0204826
   21   32   23   30   0.0273101
   21   32   24   29  -0.0819303
   21   32   25   28   0.0273101
   21   32   26   27  -0.0819303
   21   33    7   11  -0.1092404
   21   33   17   37   0.0409652
   21   33   21   33  -0.0273101
   21   34    1   28   0.0819303
   21   34    2   27  -0.0819303
   21   34    7   12   0.0546202
   21   34    8   11  -0.1638606
   21   34   17   38   0.0819303
   21   34   18   37  -0.0409652
   21   34   22   33  -0.0273101
   21   35    9   11  -0.1092404
   21   35   19   37   0.0409652
   21   35   21   35  -0.0273101
   21   36    1   30   0.0819303
   21   36    2   29  -0.0819303
   21   36    9   12   0.0546202
   21   36   10   11  -0.1638606
   21   36   19   38   0.0819303
   21   36   20   37  -0.0409652
   21   36   22   35  -0.0273101
   21   37   21   37  -0.0409652
   21   38   11   12   0.1638606
   21   38   22   37  -0.0409652
   21   38   27   30   0.0819303
   21   38   28   29  -0.0819303
   22   23    1   18  -0.0819303
   22   23    2   17   0.0819303
   22   23    3    8  -0.0546202
   22   23    4    7   0.1638606
   22   23   15   28  -0.0819303
   22   23   16   27   0.0409652
   22   23   21   24  -0.0273101
   22   24    4    8   0.1092404
   22   24   16   28  -0.0409652
   22   24   22   24  -0.0273101
   22   25    1   20  -0.0819303
   22   25    2   19   0.0819303
   22   25    3   10  -0.0546202
   22   25    4    9   0.1638606
   22   25   15   30  -0.0819303
   22   25   16   29   0.0409652
   22   25   21   26  -0.0273101
   22   26    4   10   0.1092404
   22   26   16   30  -0.0409652
   22   26   22   26  -0.0273101
   22   27   21   28  -0.0819303
   22   28   22   28  -0.0819303
   22   29   21   30  -0.0819303
   22   30   22   30  -0.0819303
   22   31    1    2  -0.0819303
   22   31    3   14  -0.0327721
   22   31    4   13   0.1638606
   22   31    5   12  -0.1638606
   22   31    6   11   0.0327721
   22   31    7   10  -0.0546202
   22   31    8    9   0.0546202
   22   31   15   38  -0.0409652
   22   31   16   37   0.0409652
   22   31   17   36  -0.0273101
   22   31   18   35   0.0819303
   22   31   19   34  -0.0273101
   22   31   20   33   0.0819303
   22   31   21   32  -0.0204826
   22   31   23   30  -0.0819303
   22   31   24   29   0.0273101
   22   31   25   28  -0.0819303
   22   31   26   27   0.0273101
   22   32    4   14   0.1310885
   22   32    6   12  -0.1310885
   22   32   18   36   0.0546202
   22   32   20   34   0.0546202
   22   32   22   32  -0.0204826
   22   32   24   30  -0.0546202
   22   32   26   28  -0.0546202
   22   33    1   28  -0.0819303
   22   33    2   27   0.0819303
   22   33    7   12  -0.1638606
   22   33    8   11   0.0546202
   22   33   17   38  -0.0409652
   22   33   18   37   0.0819303
   22   33   21   34  -0.0273101
   22   34    8   12  -0.1092404
   22   34   18   38   0.0409652
   22   34   22   34  -0.0273101
   22   35    1   30  -0.0819303
   22   35    2   29   0.0819303
   22   35    9   12  -0.1638606
   22   35   10   11   0.0546202
   22   35   19   38  -0.0409652
   22   35   20   37   0.0819303
   22   35   21   36  -0.0273101
   22   36   10   12  -0.1092404
   22   36   20   38   0.0409652
   22   36   22   36  -0.0273101
   22   37   11   12  -0.1638606
   22   37   21   38  -0.0409652
   22   37   27   30  -0.0819303
   22   37   28   29   0.0819303
   22   38   22   38  -0.0409652
   23   25   23   25  -0.0409652
   23   26    5    6   0.1638606
   23   26   15   32   0.0819303
   23   26   16   31  -0.0819303
   23   26   24   25  -0.0409652
   23   27   23   27  -0.0409652
   23   28    7    8   0.1638606
   23   28   17   34   0.0819303
   23   28   18   33  -0.0819303
   23   28   24   27  -0.0409652
   23   29    5   11   0.1310885
   23   29    7    9   0.1310885
   23   29   15   37   0.0546202
   23   29   17   35   0.0546202
   23   29   19   33  -0.0546202
   23   29   21   31  -0.0546202
   23   29   23   29  -0.0204826
   23   30    1    2   0.0819303
   23   30    3   14   0.0546202
   23   30    4   13  -0.0546202
   23   30    5   12   0.1638606
   23   30    6   11  -0.0327721
   23   30    7   10   0.1638606
   23   30    8    9  -0.0327721
   23   30   15   38   0.0819303
   23   30   16   37  -0.0273101
   23   30   17   36   0.0819303
   23   30   18   35  -0.0273101
   23   30   19   34   0.0273101
   23   30   20   33  -0.0819303
   23   30   21   32   0.0273101
   23   30   22   31  -0.0819303
   23   30   24   29  -0.0204826
   23   30   25   28   0.0409652
   23   30   26   27  -0.0409652
   23   31   23   31  -0.0819303
   23   32   24   31  -0.0819303
   23   33   23   33  -0.0819303
   23   34   24   33  -0.0819303
   23   35    5   13   0.1092404
   23   35   23   35  -0.0273101
   23   35   25   33  -0.0409652
   23   36    1   32   0.0819303
   23   36    2   31  -0.0819303
   23   36    5   14   0.1638606
   23   36    6   13  -0.0546202
   23   36   24   35  -0.0273101
   23   36   25   34   0.0409652
   23   36   26   33  -0.0819303
   23   37    7   13   0.1092404
   23   37   23   37  -0.0273101
   23   37   27   31  -0.0409652
   23   38    1   34   0.0819303
   23   38    2   33  -0.0819303
   23   38    7   14   0.1638606
   23   38    8   13  -0.0546202
   23   38   24   37  -0.0273101
   23   38   27   32   0.0409652
   23   38   28   31  -0.0819303
   24   25    5    6  -0.1638606
   24   25   15   32  -0.0819303
   24   25   16   31   0.0819303
   24   25   23   26  -0.0409652
   24   26   24   26  -0.0409652
   24   27    7    8  -0.1638606
   24   27   17   34  -0.0819303
   24   27   18   33   0.0819303
   24   27   23   28  -0.0409652
   24   28   24   28  -0.0409652
   24   29    1    2  -0.0819303
   24   29    3   14  -0.0546202
   24   29    4   13   0.0546202
   24   29    5   12  -0.0327721
   24   29    6   11   0.1638606
   24   29    7   10  -0.0327721
   24   29    8    9   0.1638606
   24   29   15   38  -0.0273101
   24   29   16   37   0.0819303
   24   29   17   36  -0.0273101
   24   29   18   35   0.0819303
   24   29   19   34  -0.0819303
   24   29   20   33   0.0273101
   24   29   21   32  -0.0819303
   24   29   22   31   0.0273101
   24   29   23   30  -0.0204826
   24   29   25   28  -0.0409652
   24   29   26   27   0.0409652
   24   30    6   12   0.1310885
   24   30    8   10   0.1310885
   24   30   16   38   0.0546202
   24   30   18   36   0.0546202
   24   30   20   34  -0.0546202
   24   30   22   32  -0.0546202
   24   30   24   30  -0.0204826
   24   31   23   32  -0.0819303
   24   32   24   32  -0.0819303
   24   33   23   34  -0.0819303
   24   34   24   34  -0.0819303
   24   35    1   32  -0.0819303
   24   35    2   31   0.0819303
   24   35    5   14  -0.0546202
   24   35    6   13   0.1638606
   24   35   23   36  -0.0273101
   24   35   25   34  -0.0819303
   24   35   26   33   0.0409652
   24   36    6   14   0.1092404
   24   36   24   36  -0.0273101
   24   36   26   34  -0.0409652
   24   37    1   34  -0.0819303
   24   37    2   33   0.0819303
   24   37    7   14  -0.0546202
   24   37    8   13   0.1638606
   24   37   23   38  -0.0273101
   24   37   27   32  -0.0819303
   24   37   28   31   0.0409652
   24   38    8   14   0.1092404
   24   38   24   38  -0.0273101
   24   38   28   32  -0.0409652
   25   27    5   11   0.1310885
   25   27    7    9  -0.1310885
   25   27   15   37   0.0546202
   25   27   17   35  -0.0546202
   25   27   19   33   0.0546202
   25   27   21   31  -0.0546202
   25   27   25   27  -0.0204826
   25   28    1    2   0.0819303
   25   28    3   14   0.0546202
   25   28    4   13  -0.0546202
   25   28    5   12   0.1638606
   25   28    6   11  -0.0327721
   25   28    7   10   0.0327721
   25   28    8    9  -0.1638606
   25   28   15   38   0.0819303
   25   28   16   37  -0.0273101
   25   28   17   36   0.0273101
   25   28   18   35  -0.0819303
   25   28   19   34   0.0819303
   25   28   20   33  -0.0273101
   25   28   21   32   0.0273101
   25   28   22   31  -0.0819303
   25   28   23   30   0.0409652
   25   28   24   29  -0.0409652
   25   28   26   27  -0.0204826
   25   29   25   29  -0.0409652
   25   30    9   10   0.1638606
   25   30   19   36   0.0819303
   25   30   20   35  -0.0819303
   25   30   26   29  -0.0409652
   25   31   25   31  -0.0819303
   25   32   26   31  -0.0819303
   25   33    5   13   0.1092404
   25   33   23   35  -0.0409652
   25   33   25   33  -0.0273101
   25   34    1   32   0.0819303
   25   34    2   31  -0.0819303
   25   34    5   14   0.1638606
   25   34    6   13  -0.0546202
   25   34   23   36   0.0409652
   25   34   24   35  -0.0819303
   25   34   26   33  -0.0273101
   25   35   25   35  -0.0819303
   25   36   26   35  -0.0819303
   25   37    9   13   0.1092404
   25   37   25   37  -0.0273101
   25   37   29   31  -0.0409652
   25   38    1   36   0.0819303
   25   38    2   35  -0.0819303
   25   38    9   14   0.1638606
   25   38   10   13  -0.0546202
   25   38   26   37  -0.0273101
   25   38   29   32   0.0409652
   25   38   30   31  -0.0819303
   26   27    1    2  -0.0819303
   26   27    3   14  -0.0546202
   26   27    4   13   0.0546202
   26   27    5   12  -0.0327721
   26   27    6   11   0.1638606
   26   27    7   10  -0.1638606
   26   27    8    9   0.0327721
   26   27   15   38  -0.0273101
   26   27   16   37   0.0819303
   26   27   17   36  -0.0819303
   26   27   18   35   0.0273101
   26   27   19   34  -0.0273101
   26   27   20   33   0.0819303
   26   27   21   32  -0.0819303
   26   27   22   31   0.0273101
   26   27   23   30  -0.0409652
   26   27   24   29   0.0409652
   26   27   25   28  -0.0204826
   26   28    6   12   0.1310885
   26   28    8   10  -0.1310885
   26   28   16   38   0.0546202
   26   28   18   36  -0.0546202
   26   28   20   34   0.0546202
   26   28   22   32  -0.0546202
   26   28   26   28  -0.0204826
   26   29    9   10  -0.1638606
   26   29   19   36  -0.0819303
   26   29   20   35   0.0819303
   26   29   25   30  -0.0409652
   26   30   26   30  -0.0409652
   26   31   25   32  -0.0819303
   26   32   26   32  -0.0819303
   26   33    1   32  -0.0819303
   26   33    2   31   0.0819303
   26   33    5   14  -0.0546202
   26   33    6   13   0.1638606
   26   33   23   36  -0.0819303
   26   33   24   35   0.0409652
   26   33   25   34  -0.0273101
   26   34    6   14   0.1092404
   26   34   24   36  -0.0409652
   26   34   26   34  -0.0273101
   26   35   25   36  -0.0819303
   26   36   26   36  -0.0819303
   26   37    1   36  -0.0819303
   26   37    2   35   0.0819303
   26   37    9   14  -0.0546202
   26   37   10   13   0.1638606
   26   37   25   38  -0.0273101
   26   37   29   32  -0.0819303
   26   37   30   31   0.0409652
   26   38   10   14   0.1092404
   26   38   26   38  -0.0273101
   26   38   30   32  -0.0409652
   27   29   27   29  -0.0409652
   27   30   11   12   0.1638606
   27   30   21   38   0.0819303
   27   30   22   37  -0.0819303
   27   30   28   29  -0.0409652
   27   31    7   13   0.1092404
   27   31   23   37  -0.0409652
   27   31   27   31  -0.0273101
   27   32    1   34   0.0819303
   27   32    2   33  -0.0819303
   27   32    7   14   0.1638606
   27   32    8   13  -0.0546202
   27   32   23   38   0.0409652
   27   32   24   37  -0.0819303
   27   32   28   31  -0.0273101
   27   33   27   33  -0.0819303
   27   34   28   33  -0.0819303
   27   35   11   13   0.1092404
   27   35   27   35  -0.0273101
   27   35   29   33  -0.0409652
   27   36    1   38   0.0819303
   27   36    2   37  -0.0819303
   27   36   11   14   0.1638606
   27   36   12   13  -0.0546202
   27   36   28   35  -0.0273101
   27   36   29   34   0.0409652
   27   36   30   33  -0.0819303
   27   37   27   37  -0.0819303
   27   38   28   37  -0.0819303
   28   29   11   12  -0.1638606
   28   29   21   38  -0.0819303
   28   29   22   37   0.0819303
   28   29   27   30  -0.0409652
   28   30   28   30  -0.0409652
   28   31    1   34  -0.0819303
   28   31    2   33   0.0819303
   28   31    7   14  -0.0546202
   28   31    8   13   0.1638606
   28   31   23   38  -0.0819303
   28   31   24   37   0.0409652
   28   31   27   32  -0.0273101
   28   32    8   14   0.1092404
   28   32   24   38  -0.0409652
   28   32   28   32  -0.0273101
   28   33   27   34  -0.0819303
   28   34   28   34  -0.0819303
   28   35    1   38  -0.0819303
   28   35    2   37   0.0819303
   28   35   11   14  -0.0546202
   28   35   12   13   0.1638606
   28   35   27   36  -0.0273101
   28   35   29   34  -0.0819303
   28   35   30   33   0.0409652
   28   36   12   14   0.1092404
   28   36   28   36  -0.0273101
   28   36   30   34  -0.0409652
   28   37   27   38  -0.0819303
   28   38   28   38  -0.0819303
   29   31    9   13   0.1092404
   29   31   25   37  -0.0409652
   29   31   29   31  -0.0273101
   29   32    1   36   0.0819303
   29   32    2   35  -0.0819303
   29   32    9   14   0.1638606
   29   32   10   13  -0.0546202
   29   32   25   38   0.0409652
   29   32   26   37  -0.0819303
   29   32   30   31  -0.0273101
   29   33   11   13   0.1092404
   29   33   27   35  -0.0409652
   29   33   29   33  -0.0273101
   29   34    1   38   0.0819303
   29   34    2   37  -0.0819303
   29   34   11   14   0.1638606
   29   34   12   13  -0.0546202
   29   34   27   36   0.0409652
   29   34   28   35  -0.0819303
   29   34   30   33  -0.0273101
   29   35   29   35  -0.0819303
   29   36   30   35  -0.0819303
   29   37   29   37  -0.0819303
   29   38   30   37  -0.0819303
   30   31    1   36  -0.0819303
   30   31    2   35   0.0819303
   30   31    9   14  -0.0546202
   30   31   10   13   0.1638606
   30   31   25   38  -0.0819303
   30   31   26   37   0.0409652
   30   31   29   32  -0.0273101
   30   32   10   14   0.1092404
   30   32   26   38  -0.0409652
   30   32   30   32  -0.0273101
   30   33    1   38  -0.0819303
   30   33    2   37   0.0819303
   30   33   11   14  -0.0546202
   30   33   12   13   0.1638606
   30   33   27   36  -0.0819303
   30   33   28   35   0.0409652
   30   33   29   34  -0.0273101
   30   34   12   14   0.1092404
   30   34   28   36  -0.0409652
   30   34   30   34  -0.0273101
   30   35   29   36  -0.0819303
   30   36   30   36  -0.0819303
   30   37   29   38  -0.0819303
   30   38   30   38  -0.0819303
   31   33   31   33  -0.0819303
   31   34   32   33  -0.0819303
   31   35   31   35  -0.0819303
   31   36   32   35  -0.0819303
   31   37   31   37  -0.0409652
   31   38   13   14   0.1638606
   31   38   32   37  -0.0409652
   31   38   33   36   0.0819303
   31   38   34   35  -0.0819303
   32   33   31   34  -0.0819303
   32   34   32   34  -0.0819303
   32   35   31   36  -0.0819303
   32   36   32   36  -0.0819303
   32   37   13   14  -0.1638606
   32   37   31   38  -0.0409652
   32   37   33   36  -0.0819303
   32   37   34   35   0.0819303
   32   38   32   38  -0.0409652
   33   35   33   35  -0.0409652
   33   36   13   14   0.1638606
   33   36   31   38   0.0819303
   33   36   32   37  -0.0819303
   33   36   34   35  -0.0409652
   33   37   33   37  -0.0819303
   33   38   34   37  -0.0819303
   34   35   13   14  -0.1638606
   34   35   31   38  -0.0819303
   34   35   32   37   0.0819303
   34   35   33   36  -0.0409652
   34   36   34   36  -0.0409652
   34   37   33   38  -0.0819303
   34   38   34   38  -0.0819303
   35   37   35   37  -0.0819303
   35   38   36   37  -0.0819303
   36   37   35   38  -0.0819303
   36   38   36   38  -0.0819303
  Setting up Fock matrix...
  
 ------  Setup is done  ------
  
  
 eneKin/N =    8.96730294203477      , potRef/N =  -0.596920803713328     
 eneRef/N =    8.37038213832144     
  
